Gap:  0
[ 0  4  2  4 18  8  2 25 12 21  5 18  0 22 18  9  7 17 11  6  7 25 18 14
  3 10 17 18 17 23 22 16]
[20  3  4 19 23 23 12 14  1 21 24  7 19  3 16 25 22  2 17  5 24 24 14  7
 18 24 17 21 15  1  3 22]
[17 21 11 15  8 10  0 21 14 11  2 11 12 11  7  7 13  5 12 18  1  3  5 14
 24 13 21  7  1 13  4 15]
[18 20  7 21 18 16 11 24 19 16 11 22 17  4  9 10  1  3 21 20  9 25  0 16
 25  6 21  6  0  4  6 21]
[24 16 16 18  8 17 23 20 17  8 17 10 25  8  2 24 17  3  3  7  9 14 17  8
 24 14 21 18 20 11  0  0]
[17 21 11 15  8 10  0 21 22 11  2 11 12 11  7  7 13  5 12 18  1  3  5 14
 24 13 21  7  1 13  4 15]
[20  6 16 17 20 14 21 12 13  4 10 10 18 10 19  8  0 15 14  7  7 12 16 25
 18 24 22 22 20  0  0 22]
[ 3  6  1  7  7 12  5  8 15 11 24  9 11 17  7 14 21  7  2  3 12 15  1  9
  5 12  3  9  1  0  9 19]
[ 3 13 11  1  1 21 18 25 10 14  4  0 12 24 19  5  1  7  6 23  4 15  8 15
  9 23  0 14  6  7 25 14]
[ 0 17 15 17  0 10 23 24 18  2 20  1  2  2  6 25 18  1 11 18 13 16 21 24
  4 14 23 12  2 24 22 16]
[18 20  7 21 18 16 11 24 11 16 11 22 17  4  9 10  1  3 21 20  9 25  0 16
 25  6 21  6  0  4  6 21]
[20  6 16 17 20 22 21 12 13  4 10 10 18 10 19  8  0 15 14  7  7 12 16 25
 18 24 22 22 20  0  0 22]
[20  3  4 19 23 23 12 14  1 21 24  7 19 16  3 25 22  2 17  5 24 24 14  7
 18 24 17 21 15  1  3 22]
[ 0 17 15 17  0 10 23 16 18  2 20  1  2  2  6 25 18  1 11 18 13 16 21 24
  4 14 23 12  2 24 22 16]
[24 16 16 18  8 17 23 20 17  8 17 10 25  8  2 24 17  3  3  7  9 14 17  8
 24 21 14 18 20 11  0  0]
[12 20 14 15  6 21 12 17  2 12  1 25 20 19  3 14  1  7 21 23 24 11  9 19
 12 14 14 11 23 14 25  0]
[12 20 14 15  6 21 12 17  2 12  1 25 20 19  3 14  1  7 23 21 24 11  9 19
 12 14 14 11 23 14 25  0]
[22 20 10 14 21 21  6  8  7 15 19 13 17 25 23  3 15 11 21  1 23 21 10 22
 18 23 17  2  0 15 15  2]
[ 9 13 21 12 15 25  0 10  7 24 20  9 25 11  9  6 15 18  0 17  2 21 15 21
 12 11  6 11 17 24 17  2]
[22 20 10 14 21 21  6  8  7 15 18 13 17 25 23  3 15 11 21  1 23 21 10 22
 18 23 17  2  0 15 15  2]
[ 3 13 11  1  1 21 18 25 10 14  4  0 12 24 19  5  1  7  6 23  4 15 24 15
  9 23  0 14  6  7 25 14]
[11 25  8  2 12 16 19  4  6 14 11  5  4 21 10  4 12 19  6  0  4 17 25 24
 16 24 19  0 10  0  0 13]
[ 9 13 21 12 15 25  0 10  7 24 20  9 25 11  9  6 15 18  0 17  2 21 15 21
 12 11  6  3 17 24 17  2]
[11 25  8  2 12 16 19  4  6  7 11  5  4 21 10  4 12 19  6  0  4 17 25 24
 16 24 19  0 10  0  0 13]
[ 4  2  6  0  0 22  8  0 22  1  4 21 19 24 19  7 22 13 15 25 17 18  8 21
 10 22 14 24 16  0 19 17]
[ 4  2  6  0  0 22  8  0 22  1  4 21 19 24 19  7 14 13 15 25 17 18  8 21
 10 22 14 24 16  0 19 17]
[10  0 22 10 16 23  4 24  9 16 25  4 22 14 24  0 12 19  8  2 19  6  6 22
 14 21  3  6  9 17  2 22]
[14 14 14 22 15 14  9 14 12 12 22 21  6  3 20 21 11  9  4  4  3 19 21 25
 16  5 20  3 10  9 20 19]
[14 14 14 22 15 14 17 14 12 12 22 21  6  3 20 21 11  9  4  4  3 19 21 25
 16  5 20  3 10  9 20 19]
[10  0 22 10 16 21  4 24  9 16 25  4 22 14 24  0 12 19  8  2 19  6  6 22
 14 21  3  6  9 17  2 22]
[ 9 14 13 21 25 19  9  3 25  2  5 12 22 12 24 22 24  5  6 20  2  5 18 10
 11 24 21 21  6  8 18 19]
[23 16 25  3 22 16  1 14 17  9  6  4  1  8  1 20 21  3 21 25 15  6 16 20
  1 13 23 10  9 21  7 15]
Gap:  100
[10 25 21 23 18 22 17 24  5 25 24 23 11 19 11 22  9 22 20 25  9 25  8 24
  6 25 21 24  0 19 19 21]
[ 4 25 23 21 18 22 15 24 19 24 23 25 11 19 19 22  9 21 20 20  9 25  8 24
  6 25 21 24  0 22 14 21]
[ 4 23 25 21 18 22 11 24 19 24 23 25 11 19 19 22  9 21 20 20  9 25  8 24
  6 25 21 24  0 22 14 21]
[10 25 21 18 15 22 11 24 13 25 24 23  9 20 12 22  9 21 20 20  9 25  8 24
  6 25 21 24  0 19  6 21]
[ 4 25 23 21 18 22 15 24 19 24 23 25 11 19 19 22  9 21 20 20  9 25  8 24
  6 25 21 24  8 22 14 21]
[ 4 23 25 21 18 22 11 24 19 24 23 25 11 19 19 22 11 21 20 20  9 25  8 24
  6 25 21 24  0 22 14 21]
[10 25 21 23 18 22 17 24  5 25 24 23 11 19 11 22  9 22 20 25  9 25  8 24
  6 21 25 24  0 19 19 21]
[10 25 21 18 15 22 11 24 13 25 24 23  9 19 12 22  9 21 20 20  9 25  8 24
  6 25 21 24  0 19  6 21]
[ 4 23 25 21 18 22 11 24 19 24 23 25 11 19 19 22 11 21 20 20 13 25  8 24
  6 25 21 24  0 22 14 21]
[10 25 21 18 15 22 11 24 13 25 24 23 11 19 12 22  9 21 20 20  9 25  8 24
  6 25 21 24  0 19  6 21]
[12 25 23 21 18 22 11 24 19 24 23 25 11 19 11 22  9 21 20 20  9 25  8 24
  6 25 21 24  0 19 14 21]
[ 4 25 23 21 18 22 11 24 19 24 23 25 11 19 19 22  9 21 20 20  9 25  8 24
 14 25 21 24  0 22 14 21]
[12 25 23 21 18 22 11 24 19 23 24 25 11 19 11 22  9 21 20 20  9 25  8 24
  6 25 21 24  0 19 14 21]
[12 25 23 21 18 22 11 24 19 24 23 25 11 19 11 22  9 21 20 20  9 25  8 24
  6 25 21 24  0 19  8 21]
[ 4 25 23 21 18 22 11 24 19 24 23 25 11 19 13 22  9 21 20 20  9 25  8 24
 14 25 21 24  0 22 14 21]
[ 4 25 23 21 18 22 11 24  4 24 23 25 11 19 19 22  9 21 20 20 17 25  8 24
  9 25 21 24  0 19 14 21]
[ 4 25 23 21 18 22 11 24 19 24 25 23 11 19 19 22  9 21 20 20  9 25  8 24
 14 25 21 24  0 22 14 21]
[10 25 21 18 15 22  9 24  5 25 23 24 11 19 11 22  9 21 20 20  9 25  8 24
  6 25 21 24  0 19 19 21]
[ 4 23 25 21 18 22 11 24 19 24 23 25 11 19 19 22  9 21 20 20  9 25  8 24
  6 25 21 24 11 22 14 21]
[ 4 23 25 21 18 22 11 24 19 24 23 25 11 19 19 22  9 21 20 20  9 25  8 24
  6 25 21 24 11 22 14 21]
[12 25 23 21 18 22 11 24 19 24 23 25 11 19 19 22  9 21 20 20  9 25  8 24
  6 25 21 24  0 19  8 21]
[ 4 25 23 21 18 22 11 24 19 24 23 25 11 19 19 22  9 21 20 20 17 25  8 24
  6 25 21 24  0 22 17 21]
[ 4 25 21 23 18 22 11 24 19 24 23 25 11 19 19 22  9 21 20 20 17 25  8 24
  6 25 21 24  0 22 14 21]
[10 25 21 18 15 22  9 24  5 25 24 23 11 19 11 22  9 21 20 20  9 25  8 24
  6 25 21 24  0 19 19 21]
[10 25 21 15 18 22 11 24 13 25 24 23 11 24 12 22  9 21 20 20  9 25  8 24
  6 25 21 24  0 19  6 21]
[10 25 15 21 18 22 11 24  5 25 24 23 11 21 12 22  9 21 20 20 13 25  8 24
  6 25 21 24  0 19 14 21]
[ 4 25 23 21 18 22 11 24 19 24 23 25 11 19 19 22  9 21 20 20 17 25  8 24
  6 25 21 24  8 22 14 21]
[ 4 25 23 21 18 22 11 24 19 24 23 25 11 19 19 22  9 21 20 20 17 25  8 24
  6 25 21 24  0 22 14 21]
[ 4 25 23 21 18 22 11 24 19 24 23 25 11 19 19 22  9 21 20 20 17 25  8 24
  6 25 21 24  0 22 14 21]
[12 25 23 21 18 22 11 24 19 24 23 25 11 19 11 22  9 21 20 20  9 25  8 21
  6 25 21 24  0 19  8 21]
[ 4 25 23 21 18 22 11 24  4 24 23 25 11 19 19 22  9 21 20 20 17 25  8 24
  9 25 21 24 10 19 14 21]
[10 25 15 21 18 22 11 24  5 24 25 23 11 21 12 22  9 21 20 20 13 25  8 24
  6 25 21 24  0 19 14 21]
Gap:  200
[ 4 23 25 21 18 24 11 24  9 24 23 25 11 23 19 22  9 24 20 22  9 25  8 24
  6 25 22 24  3 25 22 24]
[ 6 23 21 25 18 22 11 24  7 24 24 25 11 23 19 22  9 24 20 24  9 25  8 24
  6 22 25 24  3 25 22 24]
[ 4 23 25 21 23 22 11 24  9 24 23 25 11 25 19 22  9 24 20 22  9 25  8 24
  6 25 22 24  3 25 22 24]
[ 4 23 25 21 18 24 11 24  9 24 23 25 11 23 19 22  9 24 20 22  9 25  8 24
  6 25 22 24  7 25 22 24]
[ 4 23 25 21 18 22 11 24  9 24 23 25 11 25 19 22  9 24 20 22  9 25  8 24
  6 25 22 24  3 25 22 24]
[ 4 25 23 21 18 24 11 24  9 24 23 25 11 23 19 22  9 24 20 20  9 25 10 24
  6 25 22 24  3 25 22 24]
[ 6 23 21 25 18 22 11 24 15 24 24 25 11 23 19 22  9 24 20 24  9 25  8 24
  6 25 22 24  3 25 22 24]
[ 4 25 23 21 18 24 11 24  9 24 23 25 11 23 19 22  9 24 20 20  9 25 10 25
  6 25 22 24  3 25 22 24]
[ 4 23 25 21 18 22 11 24  9 24 25 23 11 25 19 22  9 24 20 22  9 25  8 24
  6 25 22 24  3 25 22 24]
[ 4 25 23 21 18 24 11 24  9 24 23 25 11 23 19 22  9 24 20 20  9 25  8 24
  6 25 22 24  3 25 22 24]
[ 4 24 25 21 18 22 11 24  9 23 24 25 11 23 19 22  9 24 20 22  9 25  8 24
  6 25 22 24  3 25 22 24]
[12 25 23 21 18 22 11 24  9 24 24 25 11 23 19 22  9 24 20 20  9 25  8 24
  6 25 22 24  3 25 16 24]
[ 4 23 21 25 23 22 11 24  9 24 23 25 11 25 22 19  9 24 20 22  9 25  8 24
  6 25 22 24  3 25 22 24]
[ 6 21 23 25 18 22 11 24 15 24 24 25 11 23 19 22  9 25 20 24  9 25  8 24
  6 25 22 24  3 25 22 24]
[ 4 23 25 21 18 22 11 24  9 24 23 25 11 23 19 22  9 24 20 22  9 25  8 24
  6 25 22 24  3 25 22 24]
[ 4 23 25 21 18 22 11 24  9 24 23 25 11 23 19 22  9 24 20 22  9 25  8 24
  6 25 22 24  3 25 22 24]
[ 4 25 23 21 18 24 13 24  9 24 23 25 11 23 19 22  9 24 20 20  9 25  8 24
  6 25 22 24  3 25 22 24]
[ 4 24 25 21 18 22 11 24  9 24 23 25 11 23 19 22  9 24 20 23  9 25  8 24
  6 25 22 24  3 25 16 24]
[ 6 23 21 25 18 22 11 24 15 24 24 25 11 23 19 22  9 24 20 24  9 25  8 24
  8 22 24 25  3 25 22 24]
[ 4 23 25 21 18 22 11 24  9 23 24 25 11 23 19 22  9 24 20 22  9 25  8 24
  6 25 22 24  3 25 22 24]
[ 6 21 23 25 18 22 11 24 15 24 24 25 11 23 19 22  9 24 20 24  9 25  8 24
  6 25 22 24  3 25 22 24]
[ 6 23 25 21 18 22 11 24 15 24 24 25 11 23 19 22  9 24 20 24  9 25  8 24
  6 25 22 24  3 25 22 24]
[12 23 25 21 18 22 11 24  9 24 24 25 11 23 19 22  9 24 20 20  9 25  8 24
  6 25 22 24  3 25 16 24]
[ 4 23 25 21 23 22 11 24  9 24 23 25 11 25 19 22  9 24 20 22  9 25  6 24
  6 25 22 24  3 25 22 24]
[ 6 23 21 25 18 22 11 24 15 24 24 25 11 23 19 22  9 24 20 24  9 25  8 24
  6 22 24 25  3 25 22 24]
[ 4 23 25 21 18 22 11 24  9 24 23 25 11 23 19 22  9 24 20 23  9 25  8 24
  6 25 22 24  3 25 16 24]
[ 4 25 23 21 18 22 11 24  9 24 23 25 11 23 19 22  9 24 20 20  9 25  8 24
  6 25 22 24  3 25 22 24]
[ 4 23 25 21 23 22 11 24  9 24 23 25 11 25 22 19  9 24 20 22  9 25  8 24
  6 25 22 24  3 25 22 24]
[ 4 23 21 25 18 22 11 24 15 24 24 25 11 23 19 22  9 24 20 24  9 25  8 24
  6 25 22 24  3 25 22 24]
[ 4 23 25 21 18 22 11 24  9 23 24 25 11 23 19 22  9 24 20 22  9 25  8 24
  6 25 20 24  3 25 22 24]
[ 4 23 25 21 18 22 11 24  9 23 22 25 11 23 19 22  9 24 20 22  9 25  8 24
  6 25 22 24  3 25 22 24]
[ 6 23 21 25 18 22 11 24 15 24 24 25 11 23 19 22  9 24 20 24  9 25  8 24
  6 22 25 24  3 25 22 24]
Gap:  300
[ 6 25 23 25 21 25 11 24  9 24 25 23 11 25 22 25  9 24 21 22  9 25  8 24
  6 25 24 24  3 25 22 24]
[11 25 23 25 21 25 11 24  9 24 25 23 11 25 25 22  9 24 22 23  9 25  8 24
  6 25 24 24  3 25 22 24]
[11 25 23 25 21 25 11 24  9 24 25 23 11 25 25 22  9 24 23 22  9 25  8 24
  6 25 24 24  3 25 22 24]
[ 4 25 23 25 21 25  9 24  9 25 24 23 11 25 22 23  9 24 21 22  9 25  8 24
  8 25 24 24  3 25 22 24]
[12 25 23 23 21 25  9 24 10 25 23 25 11 25 23 22  9 24 20 22  9 25 12 24
  8 25 24 24  3 25 22 24]
[12 25 23 25 21 25 11 24  9 24 25 23 11 25 25 22  9 24 23 22  9 25  8 24
  8 25 24 24  3 25 22 24]
[12 25 23 25 21 25 11 24  9 24 23 25 11 25 23 22  9 24 21 22  9 25  8 24
  8 25 24 24  3 25 22 24]
[12 25 23 23 21 25  9 24 10 25 25 23 11 25 23 22  9 24 20 22  9 25 12 24
  8 25 24 24  3 25 22 24]
[12 25 23 25 21 25  6 24  9 24 25 23 11 25 25 22 10 24 21 22  9 25  8 24
  6 25 24 24  6 25 22 24]
[12 25 23 25 21 25 11 24  9 24 23 25 11 25 24 22  9 24 21 22  9 25  8 24
  8 25 24 24  3 25 22 24]
[12 25 23 25 21 25 11 24  9 24 23 25 11 25 24 22  9 24 21 22  9 25  8 24
  8 25 24 24  3 25 22 24]
[12 25 23 23 21 25  9 24 10 25 23 25 11 25 23 22  9 24 20 22  9 25 12 24
  6 25 24 24  3 25 22 24]
[12 25 23 23 21 25  9 24 10 25 23 25 11 25 23 22  9 24 20 22  9 25 12 24
  6 25 24 24  3 25 22 24]
[12 25 23 25 21 25 11 24  9 24 25 23 11 25 25 22  9 24 23 22  9 25  8 24
  6 25 24 24  3 25 22 24]
[12 25 23 25 21 25 11 24  9 24 25 23 11 25 25 22  9 24 23 22  9 25  8 24
  6 25 24 24  3 25 22 24]
[12 25 23 23 21 25  9 24 10 24 25 23 11 25 22 23  9 24 20 22  9 25 12 24
  6 25 24 24  3 25 22 24]
[12 25 23 25 21 25 11 24  9 25 23 24 11 25 23 22  9 24 21 22  9 25  8 24
  6 25 24 24  3 25 22 24]
[12 25 23 25 21 25 11 24  9 25 23 24 11 25 23 22  9 24 21 22  9 25  8 24
  6 25 24 24  3 25 22 24]
[ 6 25 23 25 21 25 11 24  9 24 25 23 11 25 25 22  9 24 21 22  9 25  8 24
  6 25 24 24  3 25 22 24]
[ 6 25 23 25 21 25 11 24  9 24 25 23 11 25 25 22  9 24 21 22  9 25  8 24
  6 25 24 24  3 25 22 24]
[12 25 23 23 21 25  9 24 10 23 25 25 11 25 23 22  9 24 20 22  9 25 12 24
  6 25 24 24  3 25 23 24]
[12 25 23 25 21 25  6 24  9 24 25 23 11 25 25 22  9 24 21 22  9 25  8 24
  6 25 24 24  6 25 22 24]
[ 4 25 23 25 21 25 10 24  9 25 24 23 11 25 25 22  9 24 23 22  9 25  8 24
  6 25 24 24  3 25 22 24]
[12 25 23 23 21 25  9 24 10 24 23 25 11 25 23 22  9 24 20 22  9 25 12 24
  6 25 24 24  3 25 22 24]
[ 4 25 23 25 21 25 11 24  9 25 23 24 11 25 22 23  9 24 21 22  9 25  8 24
  8 25 24 24  3 25 22 24]
[12 25 25 23 21 25 11 24  9 24 23 25 11 25 24 22  9 24 21 22  9 25  8 24
  8 25 24 24  3 25 22 24]
[12 25 23 23 21 25  9 24 10 23 25 25 11 25 23 22  9 24 20 22  9 25 12 24
  6 25 24 24  3 25 22 24]
[12 25 23 25 21 25 11 24 10 24 25 23 11 25 25 22  9 24 23 22  9 25  8 24
  6 24 25 24  3 25 22 24]
[ 4 25 23 25 21 25 10 24  9 24 25 23 11 25 25 22  9 24 23 22  9 25  8 24
  6 25 24 24  3 25 22 24]
[ 4 25 23 25 21 25 10 24  9 24 25 23 11 25 25 22  9 24 23 22  9 25  8 24
  6 25 24 24  3 25 22 24]
[ 4 25 23 25 21 25 11 24  9 25 24 23 11 25 22 23  9 24 21 22  9 25  8 24
  8 25 24 24  3 25 22 24]
[12 25 23 25 21 25 11 24  9 24 25 23 11 25 25 22  9 24 23 22  9 25  8 24
  6 24 25 24  3 25 22 24]
Gap:  400
[ 8 25 25 23 25 25  7 24  9 25 25 23 11 25 22 25  9 24 22 25  9 25 13 24
  6 25 24 24  5 25 24 23]
[ 5 25 25 23 25 25  7 24  9 25 25 23 11 25 22 25  9 24 25 25  9 25 13 24
  9 25 24 24  3 25 23 24]
[ 6 25 23 25 23 25  7 24  9 24 23 25 11 25 22 25  9 24 22 25  9 25 12 24
  6 25 24 24  6 25 24 23]
[ 5 25 25 23 25 25  7 24  9 25 25 23 11 25 22 25  9 24 25 25  9 25 13 24
  9 25 24 24  3 25 24 23]
[ 5 25 25 23 25 25  7 24  9 25 25 23 11 25 22 25  9 24 25 25  9 25 13 24
  9 25 24 24  3 25 24 23]
[ 8 25 25 23 25 25  7 24  9 25 25 23 11 25 22 25  9 24 22 25  9 25 13 24
  6 25 24 24  3 25 24 23]
[ 8 25 25 23 25 25  7 24  9 25 25 23 11 25 22 25  9 24 22 25  9 25 13 24
  6 25 24 24  3 25 24 23]
[ 8 25 25 23 25 25  7 24  9 25 25 23 11 25 22 25  9 24 22 25  9 25 13 24
  6 25 24 24  3 25 24 23]
[ 5 25 25 23 25 25  7 24  9 25 25 23 11 25 22 25  9 24 25 25  9 25 13 24
  9 24 25 24  3 25 24 23]
[ 5 25 25 23 25 25  7 24  9 25 25 23 11 25 22 25  9 24 25 25  9 25 13 24
  9 24 25 24  3 25 24 23]
[ 6 25 23 25 23 25  7 24  9 24 23 25 11 25 22 25  9 22 24 25  9 25 12 24
  6 25 24 24  6 25 24 23]
[ 5 25 25 23 25 25  7 24  9 25 25 23 11 25 22 25  9 24 25 25  9 25 13 24
  6 25 24 24  3 25 24 23]
[ 6 25 23 25 23 25  7 24  9 24 23 25 11 25 25 22  9 24 22 25  9 25 12 24
  6 25 24 24  6 25 24 23]
[ 6 25 23 25 21 25  7 24  9 24 23 25 11 25 23 25  9 24 22 25  9 25 12 24
  6 25 24 24  6 25 24 23]
[ 7 25 25 23 21 25  7 24  9 25 23 24 11 25 22 25 10 24 22 25  9 25 13 24
  6 25 24 24  3 25 23 24]
[ 6 25 23 25 23 25  7 24  9 24 23 25 11 25 25 22  9 24 22 25  9 25 12 24
  6 25 24 24  6 24 25 23]
[ 6 25 23 25 21 25  7 24  9 24 25 25 11 25 22 25  9 24 22 25  9 25 12 24
  6 24 25 24  6 25 24 23]
[ 6 25 23 25 21 25  7 24  9 24 23 25 11 25 22 25  9 24 22 25  9 25 12 24
  6 25 24 24  6 24 23 25]
[ 6 25 25 23 21 25  7 24  9 24 23 25 11 25 23 25  9 24 22 25  9 25 12 24
  6 25 24 24  6 25 24 23]
[ 6 25 25 23 21 25  7 24  9 24 23 25 11 25 23 25  9 24 22 25  9 25 12 24
  6 25 24 24  6 25 24 23]
[ 8 25 25 23 25 25  7 24  9 25 25 23 11 22 25 25  9 24 22 25  9 25 13 24
  6 25 24 24  3 25 24 23]
[ 6 25 25 23 21 25  7 24  9 24 25 23 11 25 23 25  9 24 22 25  9 25 12 24
  6 25 24 24  6 25 24 23]
[ 6 25 23 25 21 25  8 24  9 24 23 25 11 25 23 25  9 24 22 25  9 25 12 24
  6 25 24 24  6 25 24 23]
[ 6 25 23 25 21 25  7 24  9 25 25 23 11 25 22 25  9 24 22 25  9 25 12 24
  6 25 24 24  6 25 24 23]
[ 6 25 25 23 21 25  7 24  9 24 23 25 11 25 22 25  9 24 22 25  9 25 12 24
  6 25 24 24  6 25 23 24]
[ 6 25 25 23 21 25  7 24  9 24 23 25 11 25 22 25  9 24 22 25  9 25 12 24
  6 25 24 24  6 25 23 24]
[ 6 25 25 23 21 25  7 24  9 24 23 25 11 25 22 25  9 24 22 25  9 25 12 24
  6 25 24 24  6 25 23 24]
[ 6 25 25 23 25 25  7 24  9 25 23 24 11 25 22 25  9 24 25 22  9 25 13 24
  6 25 24 24  3 25 23 24]
[ 6 25 23 25 21 25  7 24  9 24 23 25 11 25 22 25  9 24 22 25  9 25 12 24
  6 25 24 24  6 25 24 23]
[ 6 25 23 25 21 25  7 24  9 24 23 25 11 25 22 25  9 24 22 25  9 25 12 24
  6 25 24 24  6 25 24 23]
[ 6 25 23 23 21 25  7 24  9 24 23 25 13 25 22 25  9 24 22 25  9 25 12 24
  6 25 24 24  6 24 23 25]
[ 6 25 23 25 21 25  7 24  9 23 24 25 11 25 22 25  9 24 22 25  9 25 12 24
  6 25 24 24  6 25 24 23]
Gap:  500
[ 7 25 24 25 23 25  7 24  9 23 24 25 12 25 25 25 11 24 23 25  9 25 12 24
  6 25 24 24  6 25 24 24]
[ 6 24 25 25 23 25  7 24  9 23 25 24 12 25 25 25 11 24 25 25  9 25 12 24
  6 24 25 24  6 25 24 24]
[ 8 25 23 25 23 25  6 24  9 24 25 23 12 25 25 25 11 24 23 25  9 25 12 24
  6 25 24 24  6 24 23 25]
[ 8 25 25 23 23 25  6 24  9 24 25 23 12 25 25 25 11 24 23 25  9 25 12 24
  6 25 24 24  6 24 23 25]
[ 7 25 24 25 23 25  7 24  9 23 23 25 12 25 25 25 11 24 23 25  9 25 12 24
  6 25 24 24  6 25 24 24]
[ 6 25 24 25 23 25  7 24  9 23 24 25 12 25 25 25 11 24 23 25  9 25 12 24
  6 25 24 24  6 25 24 24]
[ 8 25 25 23 23 25  6 24  9 24 25 23 12 25 25 25 11 23 24 25  9 25 12 24
  6 25 24 24  6 24 23 25]
[ 6 25 23 25 23 25  6 24  9 24 25 23 12 25 25 25 11 24 23 25  9 25 12 24
  7 25 24 24  6 24 23 25]
[ 6 24 25 25 23 25  7 24  9 23 24 25 12 25 25 25 11 24 23 25  9 25 12 24
  6 25 24 24  6 25 24 24]
[ 6 24 25 25 23 25  7 24  9 23 24 25 12 25 25 25 11 24 23 25  9 25 12 24
  6 25 24 24  6 25 24 24]
[ 6 24 25 25 23 25  7 24  9 23 24 25 12 25 25 25 11 24 23 25  9 25 12 24
  6 25 24 24  6 25 24 24]
[ 6 25 23 25 23 25  6 24  9 24 25 23 12 25 25 25 11 23 24 25  9 25 12 24
  7 25 24 24  6 24 23 25]
[ 8 25 23 23 25 25  6 24  9 24 25 23 12 25 25 25 11 24 23 25  9 25 12 24
  6 25 24 24  6 24 23 25]
[ 6 24 25 25 23 25  7 24  9 23 24 25 12 25 25 25 11 24 23 25  9 25 12 24
  6 24 25 24  6 25 24 24]
[ 6 24 25 25 23 25  7 24  9 23 24 25 12 25 25 25 11 24 23 25  9 25 12 24
  6 24 25 24  6 25 24 24]
[ 6 25 23 25 23 25  6 24  9 24 23 25 12 25 25 25 11 24 23 24  9 25 12 24
  7 25 24 24  6 24 23 25]
[ 6 24 25 25 23 25  7 24  9 23 25 24 12 25 25 25 11 24 23 25  9 25 12 24
  6 24 25 24  6 25 24 24]
[ 6 25 24 25 23 25  6 24  9 24 23 25 12 25 25 25 11 24 23 24  9 25 12 24
  6 25 24 24  6 24 23 25]
[ 6 25 23 25 23 25  6 24  9 24 25 23 12 25 25 25 11 24 23 24  9 25 12 24
  7 25 24 24  6 24 23 25]
[ 6 24 25 25 23 25  7 24  9 23 24 25 12 25 25 25 11 24 25 23  9 25 12 24
  6 25 24 24  6 25 24 24]
[ 6 24 25 25 23 25  7 24  9 23 24 25 12 25 25 25 11 24 25 23  9 25 12 24
  6 25 24 24  6 25 24 24]
[ 6 24 25 25 23 25  7 24  9 23 24 25 12 25 25 25 11 24 25 23  9 25 12 24
  6 25 24 24  6 25 24 24]
[ 6 24 25 25 23 25  7 24  9 23 24 25 12 25 25 25 11 24 25 23  9 25 12 24
  6 25 24 24  6 25 24 24]
[ 6 25 23 25 23 25  6 24  9 24 25 23 12 25 25 25 11 24 23 25  9 25 12 24
  6 25 24 24  6 24 25 24]
[ 6 25 23 25 23 25  6 24  9 24 25 23 12 25 25 25 11 24 23 25  9 25 12 24
  7 25 24 24  6 24 25 23]
[ 6 25 23 25 23 25  6 24  9 24 25 23 14 25 25 25 11 24 23 24  9 25 12 24
  7 25 24 24  6 24 23 25]
[ 6 25 23 24 23 25  6 24  9 24 23 25 12 25 25 25 11 24 23 25  9 25 12 24
  6 25 24 24  6 24 25 24]
[ 9 25 24 25 23 25  7 24  9 25 25 23 13 25 25 25 11 24 22 25  9 25 12 24
  6 25 24 24  6 25 23 24]
[ 9 25 24 25 23 25  7 24  9 25 25 23 13 25 25 25 11 24 22 25  9 25 12 24
  6 25 24 24  6 25 23 24]
[ 9 25 24 25 23 25  7 24  9 25 25 23 13 25 25 25 11 24 22 25  9 25 12 24
  6 24 24 25  6 25 23 24]
[ 6 25 23 24 23 25  6 24  9 24 25 23 12 25 25 25 11 24 23 25  9 25 12 24
  6 25 24 24  6 24 25 24]
[ 6 25 23 24 23 25  6 24  9 24 23 25 12 25 25 25 11 23 24 25  9 25 12 24
  6 25 24 24  6 24 25 24]
