100 18 28 28 28 19 28 0 28 16 28 28 17 19 21 24 22 13 28 28 28 14 28 0 28 18 28 28 19 21 23 26 24 
100 15 28 28 28 16 17 21 19 13 28 28 28 14 15 19 17 28 28 15 14 11 28 28 28 27 28 24 20 8 5 15 6 
100 7 28 28 28 9 11 12 14 16 28 28 17 26 0 28 26 21 19 28 28 14 28 28 15 12 28 28 13 15 19 20 17 
100 15 28 28 28 10 28 28 12 9 28 28 28 28 11 12 13 14 28 7 28 16 28 28 28 0 16 21 26 28 16 28 0 
100 12 28 0 28 28 28 12 28 16 28 28 28 28 28 12 14 16 28 28 28 14 28 12 28 21 28 19 28 12 28 14 16 
100 17 16 0 28 28 12 24 28 28 28 26 24 16 14 12 14 15 16 0 12 24 23 16 12 24 23 11 17 20 23 26 23 
100 17 12 28 8 11 28 4 8 11 12 28 16 14 16 28 19 28 16 28 11 14 28 9 11 14 16 28 19 18 19 28 23 
100 23 19 18 28 19 16 28 18 28 19 18 21 19 16 19 16 19 16 17 14 17 14 17 14 15 12 0 5 14 15 8 5 
100 14 15 8 12 24 23 21 19 17 16 15 12 28 14 8 9 12 15 14 17 19 28 28 22 28 19 28 15 28 17 12 28 
100 15 19 18 21 22 28 28 26 28 22 21 28 22 19 28 21 28 22 21 28 24 19 22 19 22 19 20 17 20 17 20 17 
100 20 17 0 28 13 20 13 0 13 20 28 0 28 28 28 28 28 28 16 28 28 17 19 23 24 21 19 28 28 28 14 28 
100 14 28 28 28 28 15 17 21 22 19 17 28 28 28 12 28 28 14 11 28 28 28 28 13 14 15 16 28 9 28 17 28 
100 17 28 19 28 12 28 21 28 28 28 23 16 0 26 28 28 24 28 23 28 28 21 20 21 23 24 28 28 17 28 28 16 
100 19 16 28 9 16 21 26 0 28 28 26 24 21 14 16 28 28 7 12 28 0 28 28 28 12 14 16 28 28 28 28 28 
100 12 16 28 28 28 28 14 28 28 12 21 28 19 28 12 28 14 19 17 16 0 28 9 12 14 24 28 28 26 21 16 28 
100 14 16 28 28 28 18 14 28 28 12 14 28 16 28 17 28 21 11 28 28 28 14 17 21 26 0 28 28 28 28 19 28 
100 19 28 28 28 28 16 28 28 28 28 28 28 28 28 28 28 28 14 12 28 28 28 28 0 28 28 28 28 28 28 28 28 
100 0 9 28 7 28 16 28 0 28 11 28 28 28 5 28 0 28 9 28 0 28 10 28 0 28 9 28 0 28 9 28 0 
100 0 9 28 10 28 9 28 0 28 5 28 0 28 5 28 0 28 4 28 0 28 6 28 0 28 7 28 28 28 17 28 0 
100 0 9 28 7 28 16 28 0 28 11 28 28 28 0 28 28 28 9 28 0 28 10 28 0 28 9 28 0 28 12 28 0 
100 0 12 28 0 28 16 28 0 28 15 0 7 0 7 28 0 28 12 28 0 28 12 28 0 28 12 28 0 28 11 28 0 
100 0 10 28 0 28 14 28 0 28 7 28 0 28 5 28 0 28 9 28 0 28 9 28 0 28 9 28 0 28 7 28 0 
100 0 7 28 0 28 5 28 0 28 5 28 8 28 7 5 0 28 3 28 12 28 0 28 28 28 11 28 5 28 28 28 0 
100 0 9 28 7 28 16 28 0 28 28 5 28 11 28 0 28 28 28 5 28 3 28 12 28 0 28 1 28 7 28 0 28 
100 0 28 6 28 0 28 28 28 28 28 5 28 0 28 10 28 0 28 12 0 28 28 11 28 0 28 28 28 2 4 5 2 
100 0 28 28 28 28 2 5 2 0 28 28 2 4 0 2 4 5 28 28 28 28 28 28 28 0 28 28 28 2 4 5 2 
100 0 28 28 28 2 5 4 0 28 4 15 0 28 4 15 0 28 28 8 0 28 28 28 28 28 28 28 28 28 28 28 28 
100 0 28 28 4 2 28 0 28 28 28 4 2 0 28 2 0 28 28 28 4 3 7 4 0 28 28 28 28 28 2 0 28 
100 0 28 28 28 28 28 28 28 28 28 28 28 28 28 28 28 28 28 3 0 28 28 3 0 28 28 8 0 28 28 28 28 
100 0 28 28 28 28 28 28 28 28 3 0 8 5 7 3 0 28 3 7 5 3 28 5 0 28 7 3 2 0 10 7 3 
100 0 2 28 28 28 5 2 28 28 28 28 28 28 28 28 28 28 28 0 28 28 28 28 28 28 1 7 0 28 1 7 0 
