98 8 25 8 25 10 13 10 8 8 5 5 8 5 8 5 3 13 25 13 15 17 15 17 13 15 25 15 8 15 8 15 17
97 13 25 25 25 12 25 25 10 8 25 25 25 8 25 25 25 0 25 10 25 8 25 6 6 5 25 3 25 1 25 25 25 
97 1 25 25 25 25 25 25 25 10 25 25 25 8 25 10 25 13 25 25 25 12 25 25 10 15 25 13 25 12 25 10 25
98 13 25 25 25 13 25 5 25 8 25 25 25 25 25 25 25 13 25 25 25 13 25 5 25 8 25 25 25 25 25 25 25
99 5 25 5 25 25 25 8 25 13 25 25 25 13 25 25 25 6 25 6 25 25 25 6 25 15 25 25 25 15 25 25 25
99 8 25 25 10 8 25 6 25 5 25 3 25 5 25 0 25 25 25 10 8 25 6 25 5 25 3 25 5 25 1 25 25
98 13 25 25 25 25 25 25 25 8 25 25 25 5 25 25 3 1 25 25 25 8 25 25 25 5 25 25 25 0 25 25 25
99 13 25 25 25 10 25 8 25 13 25 25 25 0 25 5 25 13 25 25 25 10 25 8 25 10 25 25 25 0 25 5 25
97 8 25 8 25 13 25 13 25 17 25 25 20 15 25 13 25 17 25 25 25 25 25 25 25 17 25 25 25 15 25 25 25
90 13 25 25 25 13 25 15 25 17 25 20 25 15 25 13 25 13 25 25 15 10 25 8 25 8 25 25 25 5 25 0 25
97 13 25 25 25 20 25 25 13 10 25 25 25 8 25 25 25 5 25 25 25 3 25 5 25 8 25 25 25 0 25 25 25
93 13 25 25 13 13 25 13 25 13 25 25 25 5 25 8 25 10 25 0 25 10 25 0 25 10 25 0 25 0 25 25 25
98 8 25 25 13 8 25 6 25 5 25 3 25 1 25 25 25 1 25 1 25 3 25 5 25 5 25 1 25 5 25 6 25
95 8 25 25 25 25 25 5 25 10 25 25 25 13 25 25 25 12 25 25 25 10 25 12 25 8 25 25 25 5 25 25 25