(yinshu) wgr@wgrdeMacBook-Pro Automatic-Music-Composition % python genetic.py
pygame 2.1.0 (SDL 2.0.16, Python 3.9.7)
Hello from the pygame community. https://www.pygame.org/contribute.html
Gap:  0
[21 28 10  8 21 17 22 24  0  5  8 19 24 27 18 18  9 25 26 21 17 12 28  0
 24 26 13 19 27 20 28 23]
[ 1 27 23 21 16  9 25  2  1  5 14 21 22 15 24 18  2  2 24 22  9 23 23 19
 14  1 25  8 15 22 19 23]
[ 6 28 21 17  8 21  0 10 27 20 27 16 24 24  1  4 14 26 16 19  0 27 15 10
 19 13 27 26 27  6 26  3]
[ 6 28 21 17  8 21  0 10 27 20 27 16 24 24  1  4 14 26 19 16  0 27 15 10
 19 13 27 26 27  6 26  3]
[ 3 26 27 20 15 14 10 26  6 23 11  4 26 27 15  5 18 17 11 19 25 21  8 14
 14  9  5 20  2  5 21 25]
[26 27  6 14  7  9 24 25 27 11 28 14 26 24  7  0 19 16  8 11 23 27 26 26
 15 21  9  8  5 27  7 13]
[ 3 26 27 20 15 14 10 26  6 23 11  4 26 27 15 18  5 17 11 19 25 21  8 14
 14  9  5 20  2  5 21 25]
[26 27  6 14  7  9 24 25 15 11 28 14 26 24  7  0 19 16  8 11 23 27 26 26
 15 21  9  8  5 27  7 13]
[ 1 27  5 16  4 28  2 20 25 10 15  1 27 17  4 26 20  1 28 17 10 16 23 27
  8 12  2  4 14 20 27 16]
[ 1 27  5 16  4 28  2 20 25 10 15  1 27 17  4 26 20  1 28 17 10 16 23 27
  8  2 12  4 14 20 27 16]
[ 3 26 27 20 15 14 10 26  6 23 11  4 26  2 15 18  5 17 11 19 25 21  8 14
 14  9  5 20  2  5 21 25]
[17  4 10 23 13 27 27 21  0 28  6 15  2 21  6 18 14 14 13 26 28 14 25  1
 23 13 26 24  5 16  8 16]
[ 1 27  5 16  4 28  2 20 25 10  7  1 27 17  4 26 20  1 28 17 10 16 23 27
  8  2 12  4 14 20 27 16]
[ 3 21 16  9  1 23 24  9 25 23  6 23 22 24  7  2  7 26 24 25  3 16  4  0
  8  3  9 24  1 24  7  6]
[17  4 10 23 13 27 27 21  0 28 15  6  2 21  6 18 14 14 13 26 28 14 25  1
 23 13 26 24  5 16  8 16]
[ 3 21 16  9  1 23 24  9 25 23  6 23 22 24  7  2  7 26 24 25  3 16  4  0
  8  3  9 24  1 24 15  6]
[ 9  7 25  7 18  2 27 11 13 10  9 10 10 21 27 24 19 25  2  5 23  9  8 17
  7 27 11  7 23  7 22 26]
[16 23 14  1 16 27 28 27 12 11 19  9  2  3 20 27 12  2 19 16 13 18 20 15
  9 26 15  9 22  3  2 19]
[ 6 16 21 28 20 22 20 13  5 17 27  5 12  4 21 11  9 14 24 15 26 20 23 17
 24 26 10 11 22  8  3  2]
[ 4 11  3  6  8 19  4  6  8 19 28  2 25 22 23 15 12 28 13 22 18 23 21 23
 14  7  7 25 15 12 21 12]
[ 4 11  3  6  8 19  4  6  8 19 28  2 25 22 23 15 12 28 13 22 18 23 21 23
 22  7  7 25 15 12 21 12]
[ 6 16 21 28 20 22 20 13  5 17 27  5 12  4 13 11  9 14 24 15 26 20 23 17
 24 26 10 11 22  8  3  2]
[ 9  7 25  7 18  2 27 11 13 10  9 10 10 21 19 24 19 25  2  5 23  9  8 17
  7 27 11  7 23  7 22 26]
[ 7 26 13 23 18  5 12  4 11 21  1  7  6 25 17  1 27 10  6 16 26  9 23  0
 19  6  4 12  0 20 14 22]
[ 4 11  3  6 19  8  4  6  8 19 28  2 25 22 23 15 12 28 13 22 18 23 21 23
 22  7  7 25 15 12 21 12]
[10 10  9 26  9 13  1  1 19 16  3 26 19 16 20 26 13  2  1 14 23 13 24 18
 23 19 27 28  6  4 24 19]
[16  0  0 16 21 19 28 27 13  7 26 10  5 27  6 11 24  7 18  4  4  2 20 11
 16 25  2  7  1 26 17 25]
[ 9  7 25  7 18  2 27 11 13 10  9 10 10 21 27 24 19 25  2  5 23  9  8 17
  7 27  3  7 23  7 22 26]
[16  0  0 16 13 19 28 27  5  7 26 10  5 27  6 11 24  7 18  4  4  2 20 11
 16 25  2  7  1 26 17 25]
[ 6  1 16 26  7 23 24 12 21 17 19  4 27 22  8  6 16 14 17 28  2 12 25 26
  0  2  1  9  7 26  8  1]
[ 1  3  3 26  4 14 24 16  6 10  3  0 12 20  7 21 20 28 23 26 10 23  8 15
 19 14  9  2 25 19  1 16]
[20 24 14 15 14 24  0  3 24  7 21 27  1 20 14 20 12  3 15 16 22 14 22  7
 17 15 18 15 20  5  8 19]
Gap:  50
[21 28 21 16  5 22 18 24  0 28 19 18  0 27  9 23  4 26 18 27  8 27 15 18
  4 27 19 23  5 28 26 23]
[21 28 21 16  5 27 17 24  1 28 18 27  0 27  9 23  4 26 18 27  8 27 18 23
  4 27 13 19  8 28 26 23]
[21 28 21 24  5 22 17 24  0 28 18 27  0 27 18 23  4 26 18 27  8 27 23 18
  4 27 13 19  7 28 23 26]
[21 28 21 24  5 22 17 16  1 28 18 27  0 27  9 23  4 26 18 27  8 27 18 23
  4 27 13 19  8 28 26 23]
[21 28 21 16  5 22 17 24  1 28 18 27  0 27  9 23  4 26 18 27  8 27 18 23
  4 27 13 19  8 28 26 23]
[ 2 28 21 16  5 22 17 24  8 28 18 19  0 27 23 23 12 26 18 27  4 27 23 18
  4 27 13 19  8 28 23 26]
[21 28 21 16  5 22 17 24  1 28 18 27  0 27  9 23  4 26 26 27  8 27 18 23
  4 27 13 19  8 28 13 23]
[21 28 21 24  5 22 17 24  0 28 18 27  0 27 18 23  4 26 18 27  8 27 23 18
  4 27 13 19  7 28 26 23]
[21 28 21 16 13 22 17 24  0 28 18 27  0 27 18 23  4 26 18 27  8 27 23 18
  4 27 13 19  8 28 26 23]
[21 28 21 16 13 22 18 24  0 28 19 18  0 27  1 23  4 26 18 27  8 27 15 18
  4 27 19 23  5 28 26 23]
[21 28 21 16  5 22 18 24  0 28 19 23  0 27  1 23  4 26 18 27  8 27 15 18
  4 27 19 23  5 28 26 23]
[ 3 28 21 16  5 22 17 24  1 28 18 27  0 27  1 23  4 26 18 27  8 27 23 26
  4 27 13 19  8 28 23 26]
[21 28 21 24  5 22 17 24  0 28 18 27  0 27 18 23  4 26 18 27  8 27 23 18
  4 23 13 19  7 28 26 23]
[21 28 21 24  5 22 17 24  0 28 18 27  0 27 18 23  4 26 18 27  8 27 23 18
  4 27 13 19  8 28 26 23]
[21 28 24 21  5 22 17 24  0 28 18 27  0 27 18 23  4 26 18 27  8 27 23 18
  4 27 13 19  8 28 26 23]
[ 2 28 21 16  5 22 17 24  0 28 18 19  0 27 23 23 12 26 18 27  8 27 23 18
  4 27 13 19  8 28 26 23]
[ 2 28 21 16  5 22 17 24  8 28 18 19  0 27 23 23 12 26 18 27  4 27 23 18
  4 27 13 19  8 28 26 23]
[ 2 28 21 16  5 22 17 24  0 28 18 19  0 27 23 23 12 26 18 27  4 27 23 18
  4 27 13 19  8 28 26 23]
[21 28 21 16  5 22 17 16  1 28 18 27  0 27  9 23  4 26 18 27  8 27 18 23
  4 27 13 19  8 28 26 23]
[21 28 21 16  5 22 17 24  8 28 19 18  0 27  1 23  4 26 18 27  8 27 15 18
  4 27 19 23  5 28 26 23]
[ 3 28 21 16  5 22 17 24  1 28 18 27  0 27  1 23  4 26 18 27  8 27 23 18
  4 27 13 19  8 28 26 23]
[21 28 21 16  5 22 17 24  1 28 18 27  0 27  9 23  4 26 26 27  8 27 18 23
  4 27 13 19  8 28 26 23]
[ 3 28 21 16  5 22 17 24  1 28 18 27  0 27  1 23  4 26 18 27  8 27 23 26
  4 27 13 19  8 28 26 23]
[21 28 21 16  5 22 17 24  0 28 18 27  0 27 18 23  4 26 18 27  8 27 23 18
  4 27 13 22  8 28 26 23]
[21 28 21 16  5 22 17 24  1 28 18 27  0 27  9 23  4 26 26 27  8 27 18 23
  4 27 13 19  8 28  6 23]
[21 28 24 21  5 22 17 24  0 28 18 27  0 27 18 23  4 26 18 27  8 27 23 18
  4 27 13 19  8 20 26 23]
[21 28 21 16  5 22 17 24  1 28 18 27  0 27  9 23  4 26 18 27  8 19 18 23
  4 27 13 19  8 28 26 23]
[21 28 21 24  5 22 17 24  0 28 18 19  0 27 18 23  4 26 18 27  8 27 23 18
  4 27 13 19  8 28 26 23]
[21 28 21 24  5 22 17 24  0 20 18 27  0 27 18 23  4 26 18 27  8 27 23 18
  4 27 13 19  8 28 26 23]
[21 28 16 21  5 22 17 24  0 28 18 27  0 27 18 23  4 26 18 27  8 27 23 18
  4 27 13 19  8 28 26 23]
[21 28 21 24  5 22 17 24  0 28 19 18  0 27  1 23  4 26 18 27  8 27 17 18
  4 27 21 19  5 28 26 23]
[ 3 28 21 16  5 22 17 24  1 28 18 27  0 27  1 23  4 26 18 27  0 27 23 18
  4 27 13 19  8 28 26 23]
Gap:  100
[ 5 20 21 24 21 27  8 24  9 28 18 27  8 27 17 23  4 26 18 27  8 27  3 23
  4 27 21 27  4 28 23 26]
[ 5 20 21 24 13 27  8 24  9 28 18 27  8 27 17 23  4 26 18 27  8 27  3 23
  4 27 21 27  4 28 23 26]
[ 5 20 21 24 13 27  8 24  9 28 18 27  8 27 17 26  4 26 18 27  8 27  3 23
  4 27 21 27  4 28 23 26]
[ 5 28 21 24 13 27 14 24  9 27 20 26  8 27 17 23  4 26 18 27  8 27 11 23
  4 27 13 19  4 28 15 23]
[ 5 20 24 21 13 27  8 24  9 28 18 27  8 27 17 23  4 26 18 27  8 27  3 23
  4 27 21 27  4 28 23 26]
[13 20 21 24 13 27  8 24  9 28 18 27  8 27 17 26  4 26 18 27  8 27  3 23
  4 27 21 27  4 28 23 26]
[ 5 28 21 24 13 27 14 24  9 27 28 26  8 27 17 23  4 26 18 27  8 27 11 23
  4 27 13 19  4 28 15 23]
[ 5 28 21 24 21 27 14 24  9 27 28 26  8 27 17 23  4 26 18 27  8 27 11 23
  4 27 13 19  4 28 15 23]
[ 5 28 21 24 13 27 14 24  9 28 19 18  0 27 17 23  4 26 18 27  8 27 11 23
  4 27 21 27  4 26 15 23]
[ 5 28 21 24 13 19 14 24  9 28 19 27  8 27 17 23  4 26 18 27  8 27 11 23
  4 27 21 19  0 28 18 23]
[ 5 28 21 24 13 27 14 24  9 28 18 19  0 27 17 23  4 26 18 27  8 27  3 23
  4 27 21 27  4 28 15 23]
[ 5 28 21 24 13 27 14 24  9 28 19 18  0 27 17 23  4 26 18 27  8 27 11 23
  4 27 21 27  4 28 15 23]
[ 5 28 21 24 13 27 14 24  9 28 19 18  0 27 17 23  4 26 18 27  8 27 11 23
  4 27 21 27  4 28 15 23]
[ 5 28 21 24 13 27  8 24  9 28 18 27  8 27 17 23  4 18 18 27  8 27 11 23
  4 27 21 27  2 28 23 26]
[ 5 28 21 24 13 27  8 24  9 28 18 27  8 27 17 23  4 18 18 27  8 27 11 23
  4 27 21 27  4 28 23 26]
[ 5 28 24 24 13 27 14 24  1 28 27 26  0 27 19 23  4 26 18 27  8 27 11 23
  4 27 13 27  4 28 23 26]
[13 20 21 24 13 27  8 24  9 28 18 27  8 27 17 26 12 26 18 27  8 27  3 23
  4 27 21 27  4 28 23 26]
[ 5 28 21 24 13 27 14 24  9 28 19 18  0 27 17 23  4 26 18 27  8 27  3 23
  4 27 21 27  4 28 15 23]
[ 5 28 21 24 13 27  8 24  9 28 18 27  8 27 17 23  4 18 18 27  8 27 11 23
  4 27 22 27  4 28 23 26]
[ 5 28 21 24 13 27  8 24  9 28 18 27  8 27 17 23 11 18 18 27  8 27 11 23
  4 27 21 27  4 28 23 26]
[ 5 28 21 24 13 27  8 24  9 28 18 27  8 27 17 23  5 18 18 27  8 27 11 23
  4 27 19 21  4 28 16 26]
[ 5 20 21 24 13 27  8 24  9 28 18 27  8 27 17 26  4 26 18 27  8 27  3 23
  4 27 13 27  4 28 23 26]
[ 5 20 24 21 13 27  8 24  9 28 18 27  8 27 17 26  4 26 18 27  8 27  3 23
  4 27 13 27  4 28 23 26]
[ 5 28 21 24 13 27 14 24  9 28 19 18  0 27 17 23 12 26 18 27  8 27 11 23
  4 27 21 27  4 26 15 23]
[ 8 28 21 24 13 27  8 24  9 28 18 27  8 27 17 23  4 18 26 27  8 27 11 23
  4 27 21 27  4 28 23 26]
[ 5 28 24 21 13 27  8 24  9 28 18 27  8 27 17 23  4 18 18 27  8 27 11 23
  4 27 21 27  4 28 23 26]
[ 5 20 21 24 13 27  8 24  9 28 18 27  8 27 17 23  4 26 18 27  8 27  3 23
  4 27 21 27  4 28 26 23]
[ 5 28 21 24 13 27 14 24  9 28 27 26  0 27 17 23  4 26 18 27  8 27 11 23
  4 27 13 19  4 28 15 23]
[ 5 28 21 24 13 27  8 24  9 28 17 27  8 27 17 23  4 18 18 27  8 27 11 23
  4 27 21 27  4 28 23 26]
[ 5 28 21 24 13 27 14 24  9 27 28 26  0 27 17 23  4 26 18 27  8 27 11 23
  4 27 13 19  4 28 15 23]
[ 5 28 21 24 13 27 14 24  9 27 28 26  0 27 17 23  4 26 18 27  8 27 11 23
  4 27 13 19  4 28 15 23]
[ 5 28 21 24 13 27  8 24  9 28 18 27  8 27 17 23  4 18 26 27  8 27 11 23
  4 27 21 27  4 28 23 26]
Gap:  150
[ 5 28 21 24 18 27 14 24  9 28 26 26  8 27 17 23  8 26 24 27  8 27 11 22
  4 27 21 27  4 26 15 23]
[ 5 28 23 24 13 27 14 24  9 28 26 27  8 27 17 23  8 26 24 27  8 27 11 22
  9 27 21 27  4 26 15 23]
[ 5 28 21 24 16 27 14 24  9 27 23 26  8 27 17 23  8 26 18 25  8 27 11 22
 12 27 21 27  4 26 15 23]
[ 5 28 21 24 18 27 14 24  9 28 26 26  8 27 17 21  8 26 24 27  8 27 11 22
  4 27 21 27  4 26 15 23]
[ 5 28 21 24 21 27 14 24  9 28 26 26  8 27 17 23  8 26 24 27  8 27 11 22
  4 27 21 27  4 26 15 23]
[ 5 28 21 24 15 27 14 24  9 28 26 27  8 27 17 23  8 26 18 27  8 27 11 23
  9 27 21 27  4 26 15 23]
[ 5 28 21 24 21 27 14 24  9 28 26 27  8 27 17 24  8 26 18 27  8 27 11 22
  4 27 21 27  4 26 22 23]
[ 5 28 21 24 21 27 14 24  9 28 26 27  8 27 17 23  8 26 18 27  8 27 11 22
  4 27 21 27  4 26 22 23]
[ 5 28 21 24 21 27 14 24  9 28 26 27  8 27 17 23  8 26 18 27  8 27 11 22
  4 27 21 27  4 26 22 23]
[ 5 28 21 24 21 27 14 24  9 23 26 27  8 27 17 23  8 26 18 27  8 27 11 22
  4 27 21 27  4 26 22 23]
[ 5 28 21 24 21 27 14 24  9 28 26 26  8 27 17 23  8 24 24 27  8 27 11 22
  4 27 21 27  4 26 15 23]
[ 5 28 21 24 15 27 14 24  9 28 26 24  8 27 17 23  8 26 18 27  8 27 11 23
  9 27 21 27  4 26 23 23]
[ 5 28 21 24 21 27 14 24  9 28 26 27  8 27 17 23  8 26 18 27  8 27 11 22
  9 27 21 27  4 26 15 23]
[ 5 28 21 24 13 27 14 24  9 28 26 27  8 27 17 23  8 26 24 27  8 27 11 22
  9 27 21 27  4 26 15 23]
[ 5 28 21 24 16 27 14 24  9 28 26 27  8 27 17 23  8 26 18 27 12 27 11 23
  9 27 21 27  4 26 23 23]
[ 5 28 21 24 21 27 14 24  9 28 26 27  8 27 17 23  8 26 18 27  8 27 11 22
  4 27 21 27  4 26 23 23]
[ 5 28 21 24 15 27 14 24  9 28 26 27  8 27 17 23  8 26 18 27  8 27 11 23
  9 27 21 27  4 26 23 23]
[ 5 28 21 24 15 27 14 24  9 28 26 27  8 27 17 23  8 26 18 27  8 27 11 23
  9 27 21 27  4 26 23 23]
[ 5 28 21 24 15 27 14 24  9 28 26 27  8 27 17 23  8 26 18 27  8 27 11 23
  9 27 21 27  4 26 23 23]
[ 5 28 21 24 21 27 14 24  9 28 27 26  8 27 17 23  8 26 18 27  8 27 11 22
  9 27 21 27  4 26 15 23]
[ 5 28 21 24 21 27 14 24  9 28 26 27  8 27 17 23  8 24 18 27  8 27 11 22
  4 27 21 27  4 26 23 23]
[ 5 28 21 24 16 27 14 24  9 23 26 27  8 27 17 23  8 26 18 25  8 27 11 22
 12 27 21 27  4 26 15 23]
[ 5 28 21 24 16 27 14 24  9 23 26 27  8 27 17 23  8 25 18 25  8 27 11 22
 12 27 21 27  4 26 15 23]
[ 5 28 21 24 16 23 14 24  9 28 26 27  8 27 17 23  8 26 18 27 12 27 11 23
  9 27 21 27  4 26 23 23]
[ 5 28 21 24 15 27 14 22  9 28 26 27  8 27 17 23  8 26 18 27  8 27 11 23
  4 27 21 27  4 26 15 23]
[ 5 28 21 24 15 27 14 24  9 28 26 27  8 27 17 23  8 26 18 27  8 27 11 23
  4 27 21 27  4 26 15 23]
[ 5 28 21 24 15 27 14 24  9 26 28 27  8 27 17 23  8 26 18 27  8 27 11 23
  9 27 21 27  4 26 23 23]
[ 5 28 21 24 15 27 14 24  9 28 26 27  8 27 17 23  8 26 26 27  8 27 11 23
  4 27 21 27  4 26 15 23]
[ 5 28 21 24 21 27 14 24  9 28 26 26  8 27 17 23  8 26 27 24  8 27 11 22
  4 27 21 27  4 26 15 23]
[ 5 28 21 24 15 27 14 24  9 28 26 27  8 27 17 23  8 26 18 27 12 27 11 23
  9 27 21 27  4 26 23 23]
[ 5 28 21 28 21 27 14 24  9 28 26 27  8 27 17 23  8 26 18 27  8 27 11 22
  4 27 21 27  4 26 22 23]
[13 28 21 24 21 27 14 24  9 28 26 27  8 27 17 23  8 26 18 27  8 27 11 22
  4 27 21 27  4 26 22 23]
Gap:  200
[ 5 26 21 24 21 28  9 24  9 28 26 26  9 27 25 23  8 26 24 27  8 26 11 22
  4 27 21 27  4 26 23 24]
[ 5 26 21 24 21 28  9 24  9 28 26 26  9 27 25 23  8 26 24 27  8 26 11 22
  4 27 21 27  4 23 24 26]
[ 5 28 23 24 21 28  9 24  9 28 27 26  8 27 23 25  8 26 24 27  8 24 11 22
  4 27 21 27  4 26 22 23]
[ 5 26 21 24 21 28  9 24  9 28 26 26  8 27 25 23  8 26 24 27  8 26 11 22
  4 27 21 27  4 26 23 24]
[12 28 23 22 17 26 13 22  8 28 25 26  7 26 22 25  7 25 23 26  7 26 10 21
  8 26 24 26  3 25 20 22]
[ 5 26 21 24 21 28  9 24  9 28 26 26  8 27 25 23  8 26 24 27  8 27 11 22
  4 27 21 27  4 26 23 24]
[ 5 26 21 24 21 28  9 24  9 28 26 26  8 27 25 23  8 26 24 27  8 27 11 22
  4 27 21 27  4 26 23 24]
[12 28 23 22 17 26 13 22  8 28 25 26  7 26 22 25  7 25 23 26  7 26 10 21
  8 26 20 26  3 25 20 22]
[12 28 23 22 17 26 13 22  8 28 25 26  7 26 22 25  7 25 23 27  7 26 10 21
  8 26 24 26  3 25 20 22]
[ 5 26 21 24 21 28  9 24  9 28 26 26  8 27 23 25  8 24 26 27  8 27 11 22
  4 27 21 27  4 26 23 24]
[ 5 28 21 24 21 28  9 24  9 24 26 23  8 27 23 25  8 26 24 27  8 27 11 22
  4 27 21 27  4 26 22 23]
[ 5 26 21 24 21 28  9 24  9 28 26 26  8 27 25 23  8 26 24 27  8 26 11 22
  4 27 21 27  4 26 24 23]
[ 5 28 24 24 20 27 14 24  9 28 26 26  8 27 17 26  8 26 24 24  9 27 11 22
  9 27 21 27  4 26 21 23]
[ 5 28 24 24 20 27  9 24  9 28 25 27  8 27 17 23  8 26 24 26  8 26 11 22
  9 27 21 27  4 26 24 23]
[ 5 26 21 24 21 28  9 24  9 28 26 26  8 27 25 23  8 26 24 22  8 27 11 22
  4 27 21 27  4 26 23 24]
[ 5 26 21 24 21 28  9 24  9 28 26 26  8 27 23 25  8 24 26 27  8 27 11 22
  4 27 21 27  4 27 23 24]
[ 5 28 21 24 21 28  9 24  9 28 26 26  8 27 23 25  8 26 24 27  8 27 11 22
  4 27 21 27  4 26 24 23]
[ 5 28 21 24 21 28  9 24  9 28 26 27  8 27 23 25  8 26 24 27  8 24 11 22
  4 27 21 27  4 26 22 23]
[ 5 28 21 24 21 28  9 24  9 28 26 27  8 27 23 25  8 26 24 27  8 27 11 22
  4 27 21 27  4 26 22 23]
[ 5 26 21 24 21 28  9 24  9 28 26 26  8 27 25 23  8 26 24 27  8 27 11 22
  4 27 21 27  4 26 24 23]
[ 5 28 21 24 21 28  9 24  9 28 26 26  8 27 23 25  8 26 24 27  8 27 11 22
  4 27 21 27  4 28 23 24]
[ 5 28 21 24 21 28  9 24  9 28 27 26  8 27 23 25  8 26 24 27  8 24 11 22
  4 27 21 27  4 26 22 23]
[ 5 28 21 24 21 28  9 24  9 28 26 26  8 27 25 23  8 26 24 27  8 27 11 22
  4 27 21 27  4 26 23 24]
[ 5 28 24 24 20 27  9 24  9 28 26 27  8 27 17 23  8 26 24 27  8 27 11 22
  9 27 21 27  4 26 23 23]
[ 5 28 24 24 20 27  9 24  9 28 26 27  8 27 17 23  8 26 24 27  8 27 11 22
  9 27 21 27  4 26 23 23]
[ 5 28 24 24 20 27  9 24  9 28 26 27  8 27 17 23  8 26 24 27  8 27 11 22
  9 27 21 27  4 26 23 23]
[ 5 25 21 24 21 28  9 24  9 28 26 26  8 27 25 23  8 26 24 27  8 24 11 22
  4 27 21 27  4 28 23 24]
[ 5 28 24 24 20 27  9 24  9 28 25 27  8 27 17 23  8 26 24 27  8 26 11 22
  9 27 21 27  4 26 24 23]
[ 5 28 24 24 20 27  9 24  9 28 25 27  8 27 17 23  8 26 24 27  8 26 11 22
  9 27 21 27  4 26 24 23]
[ 5 28 21 24 21 28  9 24 10 28 26 26  8 27 25 23  8 26 24 27  8 27 11 22
  4 27 21 27  4 26 23 24]
[ 5 28 21 24 21 28  9 24 10 28 26 26  8 27 25 23  8 26 24 27  8 27 11 22
  4 27 21 27  4 26 23 24]
[ 5 28 21 24 21 28  9 24  9 28 26 23  8 27 23 25  8 26 24 27  8 27 11 22
  4 27 21 27  4 26 22 23]
Gap:  250
[ 5 28 24 24 21 27  9 24  9 28 25 27  8 27 25 23 11 26 24 26  8 26 11 22
  9 27 23 27  4 26 23 24]
[ 5 26 24 24 21 28  9 24  9 28 26 26  9 27 23 23  8 26 24 27  8 26 11 22
  5 25 21 27  4 26 22 24]
[ 5 26 24 26 24 28  9 24  9 28 26 26  9 27 23 25  8 26 24 27  8 26 11 22
 10 27 21 27  4 26 23 24]
[ 5 26 24 24 21 28  9 24  9 28 26 26  9 27 23 23  8 26 24 27  8 26 11 22
  5 27 21 27  4 26 23 24]
[ 5 26 24 24 21 28  9 24  9 28 26 26 11 27 23 23  7 26 24 27  8 26 11 22
  5 27 21 27  4 26 23 24]
[ 5 26 24 24 21 28  9 24  9 28 26 26 11 27 23 23  7 26 24 27  8 26 11 22
  5 27 21 27  4 26 23 24]
[ 5 26 24 24 21 28  9 24  9 28 26 26  9 27 23 23  8 26 24 27  8 26 11 22
  5 25 21 27  4 26 25 24]
[ 5 28 24 24 21 27  9 24  9 28 25 27  8 27 24 23 11 26 24 26  8 26 11 22
  9 23 21 27  4 26 23 24]
[ 5 26 24 24 21 28  9 24  9 28 26 26  9 27 23 23  7 26 24 27  8 26 11 22
  5 27 21 27  4 26 23 26]
[ 5 28 24 24 21 27  9 24  9 28 25 27  8 27 25 23 11 26 24 26  8 26 11 22
  9 27 21 27  4 26 23 24]
[ 5 26 24 24 21 28  9 24  9 28 26 26  9 27 23 23  8 26 24 27  8 26 11 22
  5 27 21 27  4 26 25 24]
[ 5 26 24 24 21 28  9 24  9 28 26 26  9 27 23 23  8 26 24 27  8 26 11 22
  5 27 21 27  4 26 25 24]
[ 5 26 24 24 21 28  9 24  9 28 26 26  9 27 23 23  8 26 24 27  8 26 11 22
  5 27 21 27  4 26 25 24]
[ 5 26 24 24 21 28  9 24  9 28 26 26  9 27 23 23  8 26 24 27  8 26 11 22
  5 27 21 27  4 26 25 24]
[ 5 26 21 24 21 28  9 24  9 28 26 26  9 27 25 23  8 26 24 24  8 26 11 25
  5 27 21 27  4 26 23 25]
[ 5 26 26 24 24 28  9 24  9 28 26 26  9 27 23 25  8 26 24 25  8 26 11 22
  4 27 21 27  4 26 23 24]
[ 5 26 24 24 21 28  9 24  9 28 26 26  9 27 23 23  7 26 24 27  8 26 11 22
  5 27 21 27  4 26 23 24]
[ 5 26 24 24 21 28  9 24  9 28 26 26  9 27 23 23  7 26 24 27  8 26 11 22
  5 27 21 27  4 26 23 24]
[ 5 26 24 24 21 28  9 24  9 28 26 26  9 27 23 23  7 26 24 27  8 26 11 22
  5 27 21 27  4 26 23 24]
[ 5 24 26 24 21 28  9 24  9 28 26 26  9 27 23 23  8 26 24 27  8 26 11 22
  5 27 21 27  4 26 23 24]
[ 5 26 24 25 24 28  9 24  9 28 26 26  9 27 23 25  8 26 24 27  8 26 11 22
  4 27 21 27  4 26 23 24]
[ 5 24 26 24 21 28  9 24  9 28 26 26 11 27 23 23  7 26 24 27  8 26 11 22
  5 27 21 27  4 26 23 24]
[ 5 26 24 24 21 28  9 24  9 28 25 27  9 27 23 25  8 25 24 27  8 26 11 22
  4 27 21 27  4 26 23 24]
[ 5 26 24 24 21 28  9 24  9 28 26 26  9 27 23 23  8 24 26 27  8 26 11 22
  5 25 21 27  4 26 22 24]
[ 5 28 24 24 21 27  9 24  9 28 25 27  8 27 25 23  8 26 24 26  8 26 11 22
  9 27 21 27  4 26 23 24]
[ 5 26 26 24 24 28  9 24  9 28 26 26  9 27 23 25  8 26 25 25  8 26 11 22
  4 27 21 27  4 26 23 24]
[ 5 26 24 26 24 28  9 24  9 28 26 26  9 27 23 25  8 26 24 27  8 26 11 22
  4 27 21 27  4 26 23 24]
[ 5 28 24 24 21 27  9 24  9 28 25 27  8 27 25 23 11 26 24 26  8 26 11 22
  9 23 21 27  4 26 23 24]
[ 5 26 26 25 24 28  8 24  9 28 26 26  9 27 23 25  8 26 24 27  8 26 11 22
  4 27 21 27  4 26 23 24]
[ 5 26 25 26 24 28  9 24  9 28 26 26  9 27 23 25  8 26 24 27  8 26 11 22
  4 27 21 27  4 26 23 24]
[ 5 26 25 26 24 28  9 24  9 28 26 26  9 27 23 25  8 26 24 27  8 26 11 22
  4 27 21 27  4 26 23 24]
[ 5 26 24 24 21 28  9 24  9 28 26 26  9 27 21 23  7 26 24 27  8 26 11 22
  5 27 21 27  4 26 23 24]
Gap:  300
[ 9 28 24 24 21 27  9 24  9 28 25 27 12 27 23 25 11 26 24 24  8 26 11 27
  9 27 21 27  4 26 23 24]
[ 9 28 24 24 21 27  9 24  9 28 25 27 12 27 23 25 11 26 24 26  8 26 11 27
  9 27 21 27  4 26 23 24]
[ 5 25 24 24 21 27  9 24  9 28 25 27 12 27 23 25 11 26 24 26  8 26 11 27
  9 27 21 27  4 26 23 24]
[ 8 22 24 24 21 27  9 24  9 28 25 27 12 27 23 25 11 26 24 26  8 26 11 27
  9 27 21 27  4 26 23 24]
[ 5 25 24 24 21 27  9 24  9 25 28 27 12 27 23 25 11 26 24 26  8 26 11 27
  9 27 21 27  4 26 23 24]
[ 5 28 24 24 21 27  7 24  9 28 25 27 12 27 23 25 11 26 24 26  8 26 11 27
  9 27 21 27  4 26 23 24]
[ 5 24 25 24 21 27  9 24  9 25 28 27 12 27 23 25 11 26 24 26  8 26 11 27
  9 27 21 27  4 26 23 24]
[ 5 28 24 24 21 27  9 24  9 28 25 27 12 27 23 25 11 26 24 26  8 26 11 27
  9 27 21 27  4 26 23 24]
[ 5 28 24 24 21 27  9 24  9 28 25 27 12 27 23 25 11 26 24 26  8 26 11 27
  9 27 21 27  4 26 23 24]
[ 5 28 24 24 21 27  9 24  9 28 25 27 12 27 23 25 11 26 24 26  8 26 11 27
  9 27 21 27  4 26 23 24]
[ 9 28 24 24 21 27  9 21  9 28 25 27 12 27 23 25 11 26 24 24  8 26 11 27
  9 27 21 27  4 26 23 24]
[ 5 28 24 24 21 27  9 24  9 25 25 27  8 27 23 25 11 26 24 26  8 26 11 22
  6 27 23 27  4 26 23 23]
[ 9 28 21 24 21 27  9 24  9 28 25 27 12 27 23 25 11 26 24 26  8 26 11 27
  9 27 21 27  4 26 23 24]
[ 5 28 24 24 21 27  9 24  9 28 23 27 12 27 23 25 11 26 24 26  8 26 11 27
  9 27 21 27  4 26 23 24]
[ 5 22 24 24 21 27  9 24  9 28 25 27 12 27 23 25 11 26 24 26  8 26 11 27
  9 27 21 27  4 26 23 24]
[ 5 28 24 24 21 27  9 24  9 28 25 27 12 27 23 25 11 26 24 26  8 26 11 27
  9 27 21 27  4 26 24 23]
[ 5 28 24 24 21 27  9 24  9 28 25 27 12 27 23 25 11 26 26 24  8 26 11 27
  9 27 21 27  4 26 23 24]
[ 5 28 24 24 21 27  9 24  9 28 25 27 12 27 23 25 11 26 26 24  8 26 11 27
  9 27 21 27  4 26 23 24]
[ 5 28 24 24 21 27  9 24  9 28 25 27  8 27 23 25 11 26 24 26  8 26 11 22
  9 27 23 27  4 26 23 24]
[ 5 25 24 24 21 27  9 24  9 28 25 27 12 27 23 25 11 26 24 26  8 26 11 27
  9 21 27 27  4 26 23 24]
[ 9 28 24 24 21 27  9 24  9 28 25 27 12 23 27 25 11 26 24 24  8 26 11 27
  9 27 21 27  4 26 23 24]
[ 5 28 24 24 21 27  9 24  9 28 25 27 12 27 23 25 11 24 26 26  8 26 11 27
  9 27 21 27  4 26 23 24]
[ 8 22 24 24 21 27  9 24  9 28 25 27 12 27 23 25 11 26 24 26  8 26 11 27
  9 27 27 21  4 26 23 24]
[ 5 28 24 24 21 24  9 24  9 28 25 27  8 27 24 23 11 26 24 26  8 26 11 22
  9 27 23 27  4 26 23 24]
[ 5 28 24 24 21 27  9 24  9 28 25 27 12 27 23 25 11 24 26 26  8 26 11 22
  9 27 21 27  4 26 23 24]
[ 5 28 24 24 21 27  9 24  9 28 25 27 12 27 23 25 11 24 26 26  8 26 11 22
  9 27 21 27  4 26 23 24]
[ 5 28 24 24 21 27  9 24  9 28 25 23 12 27 23 25 11 24 26 26  8 26 11 27
  9 27 21 27  4 26 23 24]
[ 5 28 24 24 21 27  9 24  9 25 25 27  8 27 25 23 11 26 24 26  8 26 11 22
  6 27 23 27  4 26 23 23]
[ 5 28 24 24 21 27  9 24  9 25 25 27  8 27 25 23 11 26 24 26  8 26 11 22
  6 27 23 27  4 26 23 23]
[ 5 28 24 24 21 27  9 24  9 25 25 27  8 27 25 23 11 26 24 26  8 26 11 22
  6 27 23 27  4 26 23 23]
[ 5 28 24 24 21 27  9 24  9 25 25 27  8 27 25 23 11 26 24 26  8 26 11 22
  6 27 23 27  4 26 23 23]
[ 5 28 24 24 21 27  9 24  9 25 25 27  8 27 25 23 11 26 24 26  8 26 11 22
  6 27 23 27  4 26 23 23]
Gap:  350
[ 8 24 25 24 21 27  6 24  9 28 25 27 12 27 23 25 11 26 24 26  8 25 11 26
  9 27 27 27  4 26 23 24]
[ 8 25 24 24 21 27  7 24  9 28 25 25 12 27 23 25 11 26 24 26  8 26 11 27
  9 27 27 27  4 26 23 24]
[ 8 25 24 26 21 27  7 24  8 28 25 25 12 27 23 25 11 26 24 24  8 25 11 27
  9 27 27 27  4 26 24 24]
[ 8 25 24 24 21 27  7 24  9 28 25 24 12 27 23 25 11 26 24 26  8 26 11 27
  9 27 27 27  4 26 23 26]
[ 8 25 25 24 21 27  7 24  9 28 25 24 12 27 23 25 11 26 24 26  8 26 11 27
  9 27 27 27  4 26 23 24]
[ 8 25 24 24 21 27  7 24  9 28 25 24 12 27 23 25 11 26 24 26  8 26 11 27
  9 27 27 27  4 26 23 24]
[ 8 28 24 24 21 27  9 24  9 25 25 24 12 27 23 25 11 26 24 26  8 26 11 27
  9 27 24 27  4 26 23 24]
[ 8 25 25 24 21 27  7 24  8 28 25 25 12 27 23 25 11 26 24 24  8 26 11 27
  9 27 27 27  4 26 23 24]
[ 8 24 25 24 21 27  6 24  8 28 25 27 12 27 23 25 11 26 24 26  8 26 11 27
  9 27 23 27  4 26 23 24]
[ 8 28 25 24 21 27  6 24  9 28 25 27 12 27 23 25 11 26 24 26  8 26 11 26
  9 27 23 27  4 26 23 24]
[ 8 24 25 24 21 27  9 24  9 28 25 25 12 27 23 25 11 24 24 26  8 26 11 27
  9 27 23 27  4 26 23 24]
[ 8 28 24 24 21 27  9 24  9 25 25 25 12 27 23 25 11 26 24 26  8 25 11 27
  9 27 27 27  4 26 23 25]
[ 5 25 24 24 21 27  9 24  9 25 25 27 12 27 23 23 11 26 24 26  8 26 11 25
  9 27 23 27  4 26 23 24]
[ 8 28 24 24 21 27  7 24  9 28 24 24 12 27 23 25 11 26 24 26  8 26 11 27
  9 27 26 27  4 26 24 24]
[ 8 28 25 24 21 27  6 24  9 28 25 27 12 27 23 25 11 26 24 26  8 26 11 27
  9 27 24 27  4 26 23 24]
[ 8 25 24 24 21 27  9 24  9 28 25 25 12 27 23 25 11 26 24 26  8 25 11 27
  9 27 27 27  4 26 23 24]
[ 8 25 24 24 21 27  9 24  9 28 25 25 12 27 23 25 11 26 24 26  8 25 11 27
  9 27 27 27  4 26 23 24]
[ 8 25 24 24 21 27  9 24  9 28 25 25 12 27 23 25 11 26 24 26  8 25 11 27
  9 27 27 27  4 26 23 24]
[ 8 25 24 24 21 27  9 24  9 28 25 25 12 27 23 25 11 26 24 26  8 25 11 27
  9 27 27 27  4 26 23 24]
[ 8 25 25 26 21 27  7 24  8 28 25 27 12 27 23 25 11 26 24 26  8 26 11 27
  9 27 27 27  4 26 23 24]
[ 8 28 24 24 21 27  7 24  9 28 26 24 12 27 23 25 11 26 24 26  8 26 11 27
  9 27 26 27  4 26 23 24]
[ 8 28 25 24 21 27  6 24  9 25 28 27 12 24 23 25 11 26 24 26  8 26 11 27
  9 27 23 27  4 26 23 24]
[ 8 25 24 24 21 27  9 24  9 28 25 24 12 27 23 25 11 26 24 26  8 25 11 27
  9 27 27 27  4 26 23 24]
[ 8 24 25 24 21 27  9 24  9 28 25 25 12 27 23 25 11 26 24 26  8 25 11 27
  9 27 27 27  4 26 23 24]
[ 8 24 25 24 21 27  9 24  9 28 25 25 12 27 23 25 11 26 24 26  8 25 11 27
  9 27 27 27  4 26 23 24]
[ 8 28 25 24 21 27  6 24  9 28 25 27 12 27 23 25 11 24 26 26  8 26 11 26
  9 27 23 27  4 26 23 24]
[ 8 28 25 24 21 27  6 24  9 28 25 27 12 27 23 25 11 24 26 26  8 26 11 26
  9 27 23 27  4 26 23 24]
[ 8 24 24 24 21 27  9 24  9 28 25 25 12 27 23 25 11 26 24 26  8 25 11 27
  9 27 27 27  4 26 23 24]
[ 8 24 24 24 21 27  9 24  9 28 25 25 12 27 23 25 11 26 24 26  8 25 11 27
  9 27 27 27  4 26 23 24]
[ 5 23 25 24 21 27  9 24  9 25 25 27 12 27 23 24 11 26 24 26  8 26 11 25
  9 27 23 27  4 26 23 24]
[ 8 28 25 24 21 27  6 24  9 28 25 27 12 27 23 25 11 26 24 26  8 26 11 27
  9 27 26 27  4 26 23 24]
[ 8 28 25 24 21 27  6 24  9 28 25 27 12 27 23 25 11 26 24 26  8 26 11 27
  9 27 26 27  4 26 23 24]
Gap:  400
[ 8 25 25 26 27 27  7 24  9 25 25 25 12 27 23 25 11 26 24 26  9 26 11 25
  9 25 23 24  4 26 23 24]
[ 8 25 25 26 27 27  7 24  9 25 25 25 12 27 23 25 11 26 24 26  9 26 11 25
  9 25 23 24  4 26 23 24]
[ 8 25 25 26 27 27  7 24  9 25 25 25 12 27 23 25 11 26 24 26  8 26 11 25
  9 25 23 24  4 26 23 24]
[ 8 25 25 26 22 24  7 24  9 25 25 24 12 27 23 25 11 26 26 26  8 26 11 25
  9 27 25 27  4 26 23 24]
[ 8 25 25 26 24 27  6 24  9 25 25 27 12 27 23 25 11 26 26 24  8 26 11 25
  9 27 23 27  4 26 23 24]
[ 8 25 25 26 24 27  6 24  9 25 25 27 12 27 23 25 11 26 26 24  8 26 11 25
  9 27 23 27  4 26 23 24]
[ 8 25 25 26 21 27  6 24  9 25 24 25 12 27 23 25 11 26 26 25  8 26 11 25
  9 27 23 25  4 25 24 24]
[ 8 25 25 27 26 27  7 24  9 25 24 25 12 27 23 25 11 26 24 26  8 26 11 25
  9 27 25 27  4 26 23 24]
[ 8 25 25 27 26 27  7 24  9 25 24 25 12 27 23 25 11 26 24 26  8 26 11 25
  9 27 25 27  4 26 23 24]
[ 8 25 25 26 27 27  7 24  9 25 27 25 12 25 23 25 11 26 24 24  8 26 11 25
  9 27 24 27  4 25 23 24]
[ 8 25 24 26 21 27  7 24  9 25 25 25 12 25 23 25 11 26 26 24  8 26 11 25
  9 27 25 27  4 25 23 24]
[ 8 25 24 26 21 27  7 24  9 25 25 25 12 25 23 25 11 26 26 24  8 26 11 25
  9 27 25 27  4 25 23 24]
[ 8 25 24 24 22 27  7 24  9 25 24 27 12 27 23 25 11 26 24 26  8 25 11 25
  9 27 23 25  4 25 23 24]
[ 8 25 25 26 27 27  7 24  9 27 25 25 12 25 23 25 11 26 24 24  8 26 11 25
  9 27 24 27  4 25 24 23]
[ 8 25 25 26 27 27  7 24  9 25 24 25 12 27 23 25 11 26 24 26  8 26 11 25
  9 27 25 27  4 26 23 24]
[ 8 24 25 26 21 27  7 24  9 25 25 25 12 25 23 25 11 26 26 24  8 26 11 25
  9 27 25 27  4 25 23 24]
[ 8 25 25 26 27 27  7 24  9 25 27 25 12 25 23 25 11 26 24 24  8 26 11 25
  9 27 24 27  4 25 24 23]
[ 8 25 24 26 21 27  7 24  9 25 24 25 12 27 23 25 11 26 24 25  8 26 11 25
  9 25 27 25  4 26 23 24]
[ 8 25 25 27 26 27  7 24  9 25 24 25 12 27 23 25 11 24 26 26  8 26 11 25
  9 27 25 27  4 26 23 24]
[ 8 25 26 24 21 27  7 24  9 25 25 25 12 25 23 25 11 26 26 24  8 26 11 25
  9 27 25 27  4 25 23 24]
[ 8 25 24 26 21 27  7 24  9 26 24 25 12 25 23 25 11 26 26 26  8 26 11 25
  9 27 25 27  4 26 24 24]
[ 8 25 25 26 27 27  6 24  9 25 25 27 12 27 23 25 11 26 26 24  8 26 11 25
  9 27 23 24  4 26 24 24]
[ 8 25 24 26 26 27  7 24  9 25 25 27 12 27 23 25 11 26 26 26  8 26 11 25
  9 27 25 27  4 26 23 24]
[ 8 25 25 26 21 27  6 24  9 27 25 25 12 25 23 25 11 26 26 24  8 26 11 25
  9 27 24 27  4 26 24 24]
[ 8 25 25 26 21 27  6 24  9 27 25 25 12 25 23 25 11 26 26 24  8 26 11 25
  9 27 24 27  4 26 24 24]
[ 8 25 25 26 27 27  7 24  9 25 27 25 12 25 23 25 11 26 24 24  8 26 11 25
  9 27 27 24  4 25 23 24]
[ 8 25 25 26 22 27  7 24  9 25 25 27 12 27 23 25 11 26 24 26  8 26 11 25
  9 27 23 24  4 26 23 24]
[ 8 25 25 26 22 27  7 24  9 25 25 27 12 27 23 25 11 26 24 26  8 26 11 25
  9 27 23 24  4 26 23 24]
[ 8 25 25 26 21 27  6 24  9 25 24 25 12 27 23 25 11 26 26 25  8 26 11 25
  9 23 27 25  4 25 24 24]
[ 8 25 25 26 21 27  6 24  9 25 27 25 12 25 23 25 11 26 26 24  8 26 11 25
  9 27 24 27  4 26 24 24]
[ 8 25 25 26 21 27  6 24  9 25 27 25 12 25 23 25 11 26 26 24  8 26 11 25
  9 27 24 27  4 26 24 24]
[ 8 25 25 26 27 27  7 24  9 27 25 25 12 25 23 25 11 24 26 24  8 26 11 25
  9 27 24 27  4 25 24 23]
Gap:  450
[ 8 25 27 26 25 27  7 25  9 25 25 25 12 27 25 25 11 26 24 26  8 26 11 25
  9 25 23 24  5 26 25 24]
[ 8 26 25 27 26 27  7 24  9 25 25 25 12 27 25 25 11 26 24 26  8 26 11 25
  8 25 23 25  4 26 25 24]
[ 8 25 27 26 25 27  7 25  9 25 25 25 12 27 25 25 11 26 24 26  8 26 11 25
  9 25 23 24  4 26 25 24]
[ 8 25 25 26 27 25  7 24  9 25 25 25 12 27 23 25 11 26 25 26  9 26 11 25
  9 25 23 24  4 26 23 24]
[ 8 25 25 27 26 27  7 24  9 25 25 25 12 27 25 25 11 26 24 26  8 26 11 25
  9 25 23 24  4 26 24 25]
[ 8 25 26 27 25 27  7 24  9 25 25 25 12 27 25 25 11 26 24 26  8 26 11 25
  9 25 23 24  4 26 25 24]
[ 8 25 26 27 25 27  7 24  9 25 25 25 12 27 25 25 11 26 24 26  8 26 11 25
  9 25 23 24  4 26 25 24]
[ 8 25 25 27 26 27  7 24  9 25 25 25 12 27 25 25 11 26 24 26  8 26 12 25
  9 25 23 24  4 26 25 24]
[ 8 25 27 26 25 27  7 25  9 25 25 25 12 27 25 25 11 26 24 26  8 26 11 25
  9 25 23 24  4 25 26 24]
[ 8 25 25 27 26 27  7 24  9 25 25 25 12 26 25 23 11 26 24 26  9 26 11 25
  8 25 23 24  4 26 23 24]
[ 8 25 25 27 26 27  7 24  9 25 25 25 12 26 25 23 11 26 24 26  9 26 11 25
  8 25 23 24  4 26 23 24]
[ 8 25 25 27 26 27  7 24  9 25 25 25 12 26 25 23 11 26 24 26  9 26 11 25
  8 25 23 24  4 26 23 24]
[ 8 25 25 26 27 25  7 24  9 25 25 25 12 27 23 25 11 26 25 26  9 26 11 25
  9 25 24 23  4 26 23 24]
[ 8 25 25 26 27 25  7 24  9 25 25 25 12 27 23 25 11 26 25 26  9 26 11 25
  9 25 24 23  4 26 23 24]
[ 8 26 25 27 26 27  7 24  9 25 25 25 12 27 25 25 11 26 24 26  8 26 11 25
  8 25 23 24  4 26 25 24]
[ 8 26 25 27 26 27  7 24  9 25 25 25 12 27 25 25 11 26 24 26  8 26 11 25
  8 25 23 24  4 26 25 24]
[ 8 25 27 26 25 27  7 25  9 25 25 25 12 27 25 25 11 26 24 26  8 26 11 25
  9 23 25 24  4 26 25 24]
[ 8 25 25 26 27 25  7 24  9 25 25 25 12 27 23 25 11 25 26 26  9 26 11 25
  9 25 23 24  4 26 23 24]
[ 8 25 25 27 26 27  7 24  9 25 25 25 12 26 23 25 11 26 24 26  9 26 11 25
  9 25 23 24  4 26 23 24]
[ 8 25 25 27 26 27  7 24  9 25 25 25 12 26 23 25 11 26 24 26  9 26 11 25
  9 25 23 24  4 26 23 24]
[ 8 25 25 26 27 27  7 24  9 25 25 25 12 27 25 25 11 26 24 26  8 25 11 25
  9 25 23 24  4 26 25 24]
[ 8 25 25 26 27 27  7 24  9 25 25 25 12 27 25 25 11 26 24 26  8 25 11 25
  9 25 23 24  4 26 25 24]
[ 8 25 25 26 27 27  7 24  9 25 25 25 12 27 25 25 11 26 24 26  8 25 11 25
  9 25 23 24  4 26 25 24]
[ 8 25 25 27 26 27  7 24  9 25 25 25 12 27 25 25 11 26 24 26  8 26 11 25
  9 25 23 24  4 26 25 24]
[ 8 25 25 27 26 27  7 24  9 25 25 25 12 27 25 25 11 26 24 26  8 26 11 25
  9 25 23 24  4 26 25 24]
[ 8 25 25 27 26 27  7 24  9 25 25 25 12 24 23 25 11 26 24 26  9 26 11 25
  9 25 23 24  4 26 23 24]
[ 8 25 25 27 26 27  7 24  9 25 25 25 12 27 25 25 11 26 26 24  8 26 11 25
  9 25 23 24  4 26 24 25]
[ 8 25 25 27 26 27  7 24  9 25 25 25 12 27 25 25 11 26 26 24  8 26 11 25
  9 25 23 24  4 26 24 25]
[ 8 25 25 27 26 27  7 24  9 25 25 25 12 27 25 25 11 26 26 24  8 26 11 25
  9 25 23 24  4 26 24 25]
[ 8 25 25 27 26 27  7 25  9 25 25 25 12 27 25 25 11 26 24 26  8 26 11 25
  9 23 25 24  4 26 25 24]
[ 8 25 26 25 27 27  7 24  9 25 25 25 12 27 25 25 11 26 24 26  8 25 11 25
  9 25 23 24  4 26 25 24]
[ 8 26 27 25 26 27  7 24  9 25 25 25 12 27 25 25 11 26 24 26  8 26 11 25
  8 25 23 24  4 26 25 24]
Gap:  500
[ 8 25 25 26 27 27  7 24  9 25 25 25 12 26 25 24 11 26 24 26  9 26 11 25
  8 25 24 24  4 26 26 24]
[ 8 25 25 26 26 27  7 24  9 25 25 25 12 26 24 25 11 26 24 26  9 26 11 25
  8 23 25 24  4 26 23 24]
[ 8 25 25 27 26 27  7 24  9 25 25 25 12 26 25 24 11 26 24 26  9 26 11 25
  8 25 24 23  4 26 24 26]
[ 8 25 25 27 26 24  7 24  9 25 25 25 12 26 25 24 11 26 24 26  9 26 11 25
  8 25 23 24  4 23 24 26]
[ 8 25 25 27 26 24  7 24  9 25 25 25 12 26 25 24 11 26 24 26  9 26 11 25
  8 25 23 24  4 23 24 26]
[ 8 25 25 27 24 26  7 24  9 25 25 25 12 26 24 25 11 26 24 26  9 26 11 25
  8 26 23 24  4 23 26 24]
[ 8 25 25 27 24 26  7 24  9 25 25 25 12 26 24 25 11 26 24 26  9 26 11 25
  8 26 23 24  4 23 26 24]
[ 8 25 25 26 26 27  7 24  9 25 25 25 12 26 24 25 11 26 24 26  9 26 11 25
  8 23 25 24  4 23 24 26]
[ 8 25 25 26 27 27  7 24  9 25 25 25 12 26 25 24 11 26 24 26  9 26 11 25
  8 25 23 24  4 26 24 26]
[ 8 25 25 26 27 27  7 24  9 25 25 25 12 26 25 24 11 26 24 26  9 26 11 25
  8 25 23 24  4 26 24 26]
[ 8 25 25 26 27 27  7 25  9 25 25 25 12 25 25 24 11 26 24 26 10 26 11 25
  8 25 23 24  4 26 23 24]
[ 8 25 25 27 25 27  7 24 10 25 25 25 12 26 23 25 11 26 24 26  9 26 11 25
  8 25 23 24  4 26 23 25]
[ 8 25 25 27 25 27  7 24 10 25 25 25 12 26 23 25 11 26 24 26  9 26 11 25
  8 25 23 24  4 26 23 25]
[ 8 25 25 27 25 27  7 24 10 25 25 25 12 26 23 25 11 26 24 26  9 26 11 25
  8 25 23 24  4 26 23 25]
[ 8 25 25 27 25 27  7 24 10 25 25 25 12 26 23 25 11 26 24 26  9 26 11 25
  8 25 23 24  4 26 23 25]
[ 8 25 25 26 27 27  7 24  9 25 25 25 12 26 25 24 11 26 24 26  9 26 11 25
  8 25 24 23  4 26 24 26]
[ 8 25 25 26 27 27  7 24  9 25 25 25 12 26 25 24 11 26 24 26  9 26 11 25
  8 25 24 23  4 26 24 26]
[ 8 25 25 27 26 27  7 25  9 25 25 25 12 25 25 24 11 26 24 26  9 26 11 25
  8 25 23 24  4 26 23 24]
[ 8 25 26 25 27 27  7 24  9 25 25 25 12 26 25 24 11 26 24 26  9 26 11 25
  8 25 24 23  4 26 24 26]
[ 8 25 27 26 25 27  7 24  9 25 25 25 12 26 25 24 11 26 24 26  9 25 11 25
  8 25 23 24  4 26 23 24]
[ 8 25 25 27 26 24  7 24  9 25 25 25 12 26 25 24 11 26 24 26  9 26 11 25
  8 25 23 24  4 23 26 24]
[ 8 25 25 27 26 24  7 24  9 25 25 25 12 26 25 24 11 26 24 26  9 26 11 25
  8 25 23 24  4 23 26 24]
[ 8 25 25 26 26 27  7 24  9 25 25 25 12 26 24 25 11 26 24 26  9 26 11 25
  8 23 25 24  4 23 26 24]
[ 8 25 25 27 26 27  7 24  9 25 25 25 12 26 25 24 11 26 24 26  9 25 11 25
  8 25 23 24  4 26 23 26]
[ 8 25 25 27 25 27  7 24 10 25 25 25 12 26 23 25 11 26 26 24  9 26 11 25
  8 25 23 24  4 26 23 25]
[ 8 25 25 27 25 27  7 24 10 25 25 25 12 26 23 25 11 26 26 24  9 26 11 25
  8 25 23 24  4 26 23 25]
[ 8 25 25 27 26 27  7 25  9 25 25 25 12 25 25 24 11 26 24 26  9 26 11 25
  8 25 23 24  4 26 24 23]
[ 8 25 25 27 26 27  7 25  9 25 25 25 12 25 25 24 11 26 26 24  9 26 11 25
  8 25 23 24  4 26 23 24]
[ 8 25 25 27 26 27  7 24  9 25 25 25 12 26 24 25 11 26 24 26  9 26 12 25
  8 25 23 24  4 26 23 24]
[ 8 25 25 26 27 27  7 24  9 25 25 25 12 26 25 24 11 26 24 26  9 26 11 25
  8 25 23 24  4 26 26 24]
[ 8 25 25 26 27 27  7 24  9 25 25 25 12 26 25 24 11 26 24 26  9 26 11 25
  8 25 23 24  4 26 26 24]
[ 8 25 25 26 27 27  7 24  9 25 25 25 12 26 25 24 11 26 24 26  9 26 11 25
  8 25 23 24  4 26 26 24]
Gap:  550
[ 8 25 25 27 26 26  7 24  9 25 25 25 12 26 25 24 11 26 24 26  9 26 11 25
  8 25 25 24  4 26 24 26]
[ 8 25 25 27 26 26  7 24  9 25 25 25 12 26 25 24 11 26 24 26  9 26 11 25
  8 25 25 24  4 26 24 26]
[ 8 25 25 27 26 26  7 24  9 25 25 25 12 26 25 24 11 26 24 26  9 26 11 25
  8 25 25 24  4 26 24 26]
[ 8 25 25 27 26 26  7 24  9 25 25 25 12 26 25 24 11 26 24 26  9 26 11 25
  8 25 25 24  4 26 24 26]
[ 8 25 25 27 26 26  7 24  9 25 25 25 12 26 25 24 11 26 24 26  9 26 11 25
  8 25 25 24  6 26 24 26]
[ 8 25 25 27 26 26  7 26  9 25 25 25 12 26 25 24 11 26 26 24  9 26 11 25
  8 25 25 24  4 24 25 26]
[ 8 25 25 26 25 25  7 24  9 25 25 24 12 26 25 24 11 24 26 26  9 26 11 25
  8 23 25 24  4 26 24 26]
[ 8 25 25 27 26 26  7 24  9 25 25 25 12 25 26 24 11 26 24 26  9 26 11 25
  8 25 25 24  4 26 24 26]
[ 8 25 25 27 26 26  7 24  9 25 25 25 12 26 24 25 11 26 24 26  9 26 11 25
  8 25 25 24  4 24 26 26]
[ 8 25 25 27 26 26  7 24  9 25 25 25 12 26 25 24 11 26 26 24  9 26 11 25
  8 25 25 24  6 26 24 26]
[ 8 25 24 26 25 25  7 24  9 25 25 24 12 26 25 24 11 26 24 26  9 26 11 25
  8 23 25 24  4 26 24 26]
[ 8 25 25 27 26 26  7 24  9 25 25 25 12 26 25 24 11 24 26 26  9 26 11 25
  8 25 25 24  4 26 24 26]
[ 8 25 25 27 26 26  7 24  9 25 25 25 12 26 25 24 11 26 24 24  9 26 11 25
  8 25 25 24  4 24 26 26]
[ 8 25 25 27 26 26  7 24  9 25 25 25 12 26 25 24 11 26 24 26  9 26 11 25
  8 25 25 24  4 24 26 26]
[ 8 25 25 27 26 26  7 24  9 25 25 25 12 26 25 24 11 26 24 26  9 26 11 25
  8 25 25 24  4 24 26 26]
[ 8 25 25 27 26 26  7 24  9 25 25 25 12 26 25 24 11 26 24 26  9 26 11 25
  8 25 25 24  4 24 26 26]
[ 8 25 25 27 26 26  7 24  9 25 25 25 12 26 25 24 11 26 24 26  9 26 11 25
  8 25 25 24  4 24 26 26]
[ 8 25 25 27 26 26  7 24  9 25 25 25 12 26 25 24 11 26 24 26  9 26 11 25
  8 25 25 24  4 24 26 26]
[ 8 25 25 27 26 26  7 26  9 25 25 25 12 26 25 24 11 26 24 26  9 26 11 25
  8 25 25 24  4 24 26 26]
[ 8 25 25 27 26 26  7 24  9 25 25 25 12 26 25 24 11 26 26 24  9 26 11 25
  8 25 25 24  4 24 26 26]
[ 8 25 24 26 25 25  7 24  9 25 25 24 12 26 25 24 11 24 26 26  9 26 11 25
  8 23 25 24  4 26 24 26]
[ 8 25 24 26 25 25  7 24  9 25 25 24 12 26 25 24 11 26 24 26  9 26 11 25
  8 23 25 24  4 24 26 26]
[ 8 25 25 27 26 26  7 24  9 25 25 25 12 26 25 24 11 24 26 26  9 26 11 25
  8 25 25 24  4 24 26 26]
[ 8 25 25 27 26 26  7 24  9 25 25 25 12 26 25 24 11 24 26 26  9 26 11 25
  8 25 25 24  4 24 26 26]
[ 8 25 25 27 26 26  7 24  9 25 25 25 12 26 25 24 11 24 26 26  9 26 11 25
  8 25 25 24  4 24 26 26]
[ 8 26 24 26 25 25  7 24  9 25 25 24 12 26 25 24 11 26 24 26  9 26 11 25
  8 23 25 24  4 26 24 26]
[ 8 25 25 27 26 26  7 26  9 25 25 25 12 25 26 24 11 26 24 26  9 26 11 25
  8 25 25 24  4 24 26 26]
[ 8 25 25 27 26 26  7 26  9 25 25 25 12 26 25 24 11 26 26 24  9 26 11 25
  8 25 25 24  4 24 26 26]
[ 8 26 25 27 26 26  7 24  9 25 25 25 12 26 25 24 11 26 24 26  9 26 11 25
  8 25 25 24  4 24 26 26]
[ 8 26 25 27 25 24  7 24  9 25 25 25 12 26 24 25 12 26 24 26  9 26 11 25
  8 25 23 24  4 26 24 26]
[ 8 26 25 27 26 26  7 24  9 25 25 25 12 26 25 24 11 24 26 26  9 26 11 25
  8 25 25 24  4 24 26 26]
[ 8 26 25 27 26 26  7 24  9 25 25 25 12 26 25 24 11 24 26 26  9 26 11 25
  8 25 25 24  4 24 26 26]
(yinshu) wgr@wgrdeMacBook-Pro Automatic-Music-Composition % 
